3	{3 -6.8858 [703, 826, 1097, 1287, 1591, 1895, 1896, 1897, 1898, 1899]}
8	{8 -7.4151 [520, 665, 852, 1394, 1786, 1842, 1904, 1905, 1906, 1907]}
13	{13 -14.6311 [2074]}
18	{18 -14.7354 []}
23	{23 -10.3332 []}
28	{28 -15.1682 [846, 1516, 1517]}
33	{33 -18.7947 [34, 35, 36, 37, 38, 39, 40, 41, 42, 43]}
38	{38 -10.1699 [725, 1376, 1915, 2002, 2007, 2167, 2168, 2169, 2170]}
43	{43 -15.0751 [1604, 1679, 1903, 1930, 1931, 1932, 1933, 1934, 1935, 1936]}
48	{48 -17.2853 []}
53	{53 -14.8422 []}
58	{58 -15.4009 []}
63	{63 -13.2252 [1364, 1950, 1977, 1978, 1979, 1980, 1981, 1982, 1983]}
68	{68 -17.0760 [152, 219, 346, 965, 1953, 1954, 1955, 1956, 1957, 1958]}
73	{73 -14.2941 [717, 1022, 1969, 1970, 1971, 1972, 1973, 1974, 1975, 1976]}
78	{78 -12.6064 [725, 898, 1157, 1894, 2203, 2204, 2205]}
83	{83 -15.4287 [7, 8, 9, 148, 351, 426, 762, 946, 2000, 2001]}
88	{88 -19.0446 []}
93	{93 -10.6387 []}
98	{98 -Infinity [99, 100, 101, 102, 103, 104, 105, 106, 107, 108]}
103	{103 -12.1716 []}
108	{108 -9.1375 [324, 365, 1486, 2037, 2038, 2039, 2040, 2041, 2042, 2043]}
113	{113 -10.9293 [17, 143, 144, 145, 179, 368, 424, 754, 1317, 2018]}
118	{118 -15.5269 []}
123	{123 -6.2186 [3, 7, 143, 145, 146, 147, 252, 367, 390, 423]}
128	{128 -5.4491 []}
133	{133 -9.9661 [110, 253, 1193, 1531, 1896, 2084, 2085, 2086, 2087, 2088]}
138	{138 -16.0077 [23, 446, 842, 1096, 1598, 1752, 2089, 2090, 2091]}
143	{143 -7.2202 [122, 124, 128, 146, 246, 249, 367, 426, 427, 2098]}
148	{148 -8.5891 [121, 122, 123, 124, 176, 246, 248, 367, 422, 1245]}
153	{153 -15.0980 []}
158	{158 -13.0697 [411, 813, 1688, 2104, 2105, 2106, 2107, 2108]}
163	{163 -9.7144 []}
168	{168 -16.9415 []}
173	{173 -15.4458 [124, 128, 144, 174, 175, 176, 177, 178, 179, 180]}
178	{178 -13.3683 [255, 256, 554, 871, 1947, 2125, 2126, 2127, 2128, 2129]}
183	{183 -13.2068 []}
188	{188 -19.3708 []}
193	{193 -13.9594 [2062, 2222, 2388, 2389, 2390, 2391]}
198	{198 -12.3904 [412, 604, 870, 1466, 1556, 2147, 2148, 2149, 2150, 2151]}
203	{203 -14.2396 [5973, 5974]}
208	{208 -12.9883 [209, 210, 211, 212, 213, 214, 215, 216, 217]}
213	{213 -15.3167 []}
218	{218 -17.8007 [219, 220, 221, 222, 223, 224, 225, 226, 227]}
223	{223 -16.4210 []}
228	{228 -11.0434 [176, 182, 229, 230, 231, 232, 233, 234, 235]}
233	{233 -13.4031 []}
238	{238 -8.8391 [9, 143, 146, 174, 667, 2181, 2182, 2183, 2184, 2185]}
243	{243 -11.8923 [1564, 2189, 2190, 2191, 2192, 2193, 2194, 2195, 2196]}
248	{248 -6.8759 [326, 914, 915, 916, 917, 918, 919, 920, 921, 922]}
253	{253 -9.3630 [219, 254, 255, 256, 257, 258, 259, 260, 261, 262]}
258	{258 -5.7332 []}
263	{263 -12.8219 [4, 126, 146, 147, 264, 265, 266, 267, 268, 269]}
268	{268 -14.4505 []}
273	{273 -19.2552 []}
278	{278 -19.2552 []}
283	{283 -15.8564 [552, 632, 779, 838, 1321, 1371, 1571, 1891, 1892, 2236]}
288	{288 -13.7464 [92, 209, 1917, 1946, 1957, 2015, 2244, 2245, 2246]}
293	{293 -14.9690 []}
298	{298 -13.5443 [7, 8, 121, 144, 252, 266, 352, 424, 666]}
303	{303 -8.8252 [309, 341, 764, 909, 1061, 1093, 1095, 2253, 2254, 2255]}
308	{308 -14.3240 []}
313	{313 -13.6561 []}
318	{318 -16.1183 []}
323	{323 -10.3765 []}
328	{328 -15.8412 []}
333	{333 -14.1561 []}
338	{338 -13.0412 []}
343	{343 -10.4379 [122, 127, 176, 249, 251, 558, 666, 667, 754, 1245]}
348	{348 -13.8063 [751, 930, 1322, 1364, 1366, 2004, 2292, 2293, 2294, 2295]}
353	{353 -4.9251 [122, 123, 127, 249, 251, 367, 368, 666, 754, 856]}
358	{358 -9.4397 []}
363	{363 -11.1643 []}
368	{368 -6.7316 []}
373	{373 -14.8486 []}
378	{378 -15.3356 [121, 122, 123, 127, 143, 251, 390, 667, 717, 1245]}
383	{383 -16.0284 []}
388	{388 -12.8331 []}
393	{393 -9.1711 []}
398	{398 -9.1713 [176, 977, 1947, 2374, 2375, 2376, 2377, 2378, 2379, 2380]}
403	{403 -Infinity []}
408	{408 -Infinity []}
413	{413 -12.9413 [2393]}
418	{418 -13.1248 [763, 1541, 1944, 2467, 2468, 2469, 2470, 2471]}
423	{423 -7.5319 [4, 127, 390, 427, 2403, 2404, 2405, 2406, 2407, 2408]}
428	{428 -Infinity [429, 430, 431, 432, 433, 434, 435, 436, 437, 438]}
433	{433 -13.4557 [20, 1370, 1565, 1824, 2433]}
438	{438 -19.3986 [156, 456, 1383, 1522, 2094, 2220, 2443, 2444, 2445, 2446]}
443	{443 -14.7331 []}
448	{448 -12.3733 [108, 128, 148, 878, 1317, 1376, 1556, 1912, 2439, 2440]}
453	{453 -12.3119 []}
458	{458 -14.7390 [459, 460, 461, 462, 463, 464, 465, 466, 467, 468]}
463	{463 -15.0487 []}
468	{468 -9.7554 []}
473	{473 -15.0982 [1193, 1509, 3205, 3309, 4207, 4282, 4828, 4829, 4830]}
478	{478 -13.4154 [479, 480, 481, 482, 483, 484, 485, 486, 487, 488]}
483	{483 -14.4808 [1812]}
488	{488 -15.8805 []}
493	{493 -14.0451 []}
498	{498 -13.7204 []}
503	{503 -8.9464 []}
508	{508 -18.2200 [260, 452, 487, 509, 510, 511, 512, 513, 514, 515]}
513	{513 -8.5395 []}
518	{518 -10.5417 []}
523	{523 -18.8947 []}
528	{528 -10.6045 [17, 241, 529, 530, 531, 532, 533, 534, 535, 536]}
533	{533 -13.0696 [1482, 1512, 1607, 2498, 2499, 2500, 2501, 2502, 2503, 2504]}
538	{538 -14.4924 []}
543	{543 -Infinity []}
548	{548 -12.9584 [469, 549, 550, 551, 552, 553, 554, 555, 556]}
553	{553 -14.3928 [2, 4, 175, 251, 554, 695, 696, 697, 946, 2077]}
558	{558 -9.9592 [7, 17, 122, 144, 146, 250, 353, 698, 5570, 5571]}
563	{563 -8.1718 [1575, 2582, 2583, 2584]}
568	{568 -8.0697 []}
573	{573 -10.5198 [228, 2520]}
578	{578 -8.6594 []}
583	{583 -14.1272 []}
588	{588 -19.0309 [589, 590, 591, 592, 593, 594, 595, 596, 597, 598]}
593	{593 -21.4961 []}
598	{598 -21.4961 []}
603	{603 -20.1683 []}
608	{608 -15.1308 [2026]}
613	{613 -15.1278 [1631, 2337, 2453, 2546, 2547, 2548, 2549, 2550, 2551]}
618	{618 -21.3082 []}
623	{623 -17.1667 []}
628	{628 -12.2428 [9, 144, 145, 147, 149, 175, 176, 369, 629, 630]}
633	{633 -11.6178 []}
638	{638 -16.6004 []}
643	{643 -13.8108 []}
648	{648 -12.9351 []}
653	{653 -Infinity []}
658	{658 -8.6130 []}
663	{663 -17.2297 []}
668	{668 -11.7429 [669, 670, 671, 672, 673, 674, 675, 676, 677, 678]}
673	{673 -14.2047 []}
678	{678 -14.1936 []}
683	{683 -17.4459 []}
688	{688 -17.5024 []}
693	{693 -11.0901 [1628, 2602, 2603, 2604, 2605, 2606, 2607, 2608, 2609, 2610]}
698	{698 -7.6478 []}
703	{703 -9.3244 [898, 1581, 1620, 2634, 2635, 2636, 2637, 2638, 2639, 2640]}
708	{708 -13.7492 []}
713	{713 -18.9820 []}
718	{718 -10.2786 [167, 243, 326, 404, 942, 1885, 1886, 1887]}
723	{723 -Infinity []}
728	{728 -16.2342 [45, 89, 298, 729, 730, 731, 732, 733, 734, 735]}
733	{733 -14.0745 []}
738	{738 -14.9586 []}
743	{743 -16.0265 []}
748	{748 -12.8747 []}
753	{753 -5.3871 [9, 121, 122, 127, 128, 129, 145, 177, 367]}
758	{758 -8.1773 []}
763	{763 -8.1753 []}
768	{768 -13.7554 []}
773	{773 -13.7554 [2907]}
778	{778 -9.8282 []}
783	{783 -15.0660 []}
788	{788 -12.2570 []}
793	{793 -15.9735 []}
798	{798 -16.0841 []}
803	{803 -10.3739 []}
808	{808 -9.8694 []}
813	{813 -10.9100 []}
818	{818 -5.7114 []}
823	{823 -5.7078 [563, 894, 1264, 1322, 1323, 1324, 1325, 1326, 1327, 1328]}
828	{828 -13.1322 []}
833	{833 -14.8985 []}
838	{838 -11.2795 []}
843	{843 -15.7391 []}
848	{848 -12.2114 [448]}
853	{853 -17.2991 []}
858	{858 -10.7767 [38, 263, 307, 412, 1704, 1705, 1706, 1707, 1708, 1709]}
863	{863 -14.5185 [202, 513, 649, 1481, 1775, 2125, 2740, 2741, 2742, 2743]}
868	{868 -14.7753 [732, 1145, 1146, 1147, 1148, 1149, 1150, 1151, 1152, 1153]}
873	{873 -8.4910 [1227, 1336, 2392, 2433, 2581, 2756, 2757, 2758, 2759, 2760]}
878	{878 -12.4689 [59, 202, 510, 879, 880, 881, 882, 883, 884, 885]}
883	{883 -12.7196 []}
888	{888 -15.8539 []}
893	{893 -15.7169 []}
898	{898 -11.6974 [1620, 2785]}
903	{903 -Infinity []}
908	{908 -13.7053 [648, 697, 942, 1512, 1842, 2786, 2787, 2788, 2789, 2790]}
913	{913 -14.4125 []}
918	{918 -9.1702 [451, 1047, 1213, 1376, 1708, 2624, 2818, 2819, 2820]}
923	{923 -18.7243 [451, 494, 685, 922, 924, 925, 926, 927, 928]}
928	{928 -8.1727 [2652]}
933	{933 -17.1046 []}
938	{938 -12.1669 [253, 534, 547, 939, 940, 941, 942, 943, 944, 945]}
943	{943 -14.1832 []}
948	{948 -Infinity [31, 862, 949, 950, 951]}
953	{953 -16.4281 []}
958	{958 -15.8063 [180, 558, 584, 1249, 1540, 3491, 4123, 4892, 4973, 4974]}
963	{963 -14.4311 [1054, 1124, 1831, 2287, 2291, 2686, 2851, 2852, 2853, 2854]}
968	{968 -11.2258 [739, 828, 889, 969, 970, 971, 972, 973, 974]}
973	{973 -13.1769 []}
978	{978 -18.0822 [215, 314, 315, 1140, 2877, 2878, 2879, 2880, 2881, 2882]}
983	{983 -7.0085 []}
988	{988 -15.4350 [138, 163, 870, 1610, 2474, 2630, 2767, 2887, 2888, 2889]}
993	{993 -16.5184 []}
998	{998 -14.8667 [181, 668, 1536, 1735, 2023, 2451, 2898, 2899, 2900, 2901]}
1003	{1003 -11.2562 []}
1008	{1008 -Infinity []}
1013	{1013 -19.4962 [302, 406, 435, 2119, 2909, 2912, 2913, 2914, 2915]}
1018	{1018 -11.6479 []}
1023	{1023 -11.9705 []}
1028	{1028 -10.4827 [251, 813, 815, 982, 1798, 2733, 2940, 2941, 2942, 2943]}
1033	{1033 -13.8150 [281, 554, 659, 1034, 1035, 1036, 1037, 1038, 1039, 1040]}
1038	{1038 -15.6428 []}
1043	{1043 -15.1512 [3146, 4264]}
1048	{1048 -11.8044 [844, 973, 1049, 1050, 1051, 1052, 1053, 1054, 1055, 1056]}
1053	{1053 -14.2694 []}
1058	{1058 -20.8110 []}
1063	{1063 -21.7437 [2493, 2987, 2988, 2989, 2990, 2991, 2992, 2993, 2994, 2995]}
1068	{1068 -8.0147 [1688, 2493, 2972, 2973, 2974]}
1073	{1073 -8.0157 []}
1078	{1078 -18.6688 []}
1083	{1083 -Infinity []}
1088	{1088 -15.2349 []}
1093	{1093 -11.2898 []}
1098	{1098 -Infinity [1051, 1099, 1100, 1101, 1102, 1103, 1104, 1105, 1106]}
1103	{1103 -13.3998 []}
1108	{1108 -Infinity [467, 1109, 1110, 1111, 1112, 1113, 1114, 1115, 1116]}
1113	{1113 -Infinity [4, 124, 249, 266, 367, 368, 369, 423, 1245]}
1118	{1118 -11.6402 [560, 813, 2011, 2625, 2996, 2997, 2998, 2999, 3000, 3001]}
1123	{1123 -10.6069 []}
1128	{1128 -19.5437 []}
1133	{1133 -15.1538 [3158]}
1138	{1138 -16.9979 [152, 2013, 2221, 2770, 2785, 2848, 3015, 3016, 3017]}
1143	{1143 -8.0912 [172, 1556, 1766, 1852, 1890, 2384, 2544, 2666, 3032, 3033]}
1148	{1148 -17.2404 []}
1153	{1153 -15.1377 []}
1158	{1158 -14.7400 [552, 1017, 1316, 2146, 2844, 3039, 3040, 3041, 3042, 3043]}
1163	{1163 -14.2998 [632, 1882, 2593, 3617, 4494, 4495, 4496, 4497, 4498, 4499]}
1168	{1168 -13.7281 [1909, 1912, 2574, 2791, 2797, 3045, 3046, 3047, 3048, 3049]}
1173	{1173 -8.1043 [412, 1001, 1060, 1441, 2683, 2746, 3781, 3865, 5009]}
1178	{1178 -12.6058 []}
1183	{1183 -Infinity []}
1188	{1188 -Infinity []}
1193	{1193 -12.4239 [5, 250, 265, 4711, 5518, 5519, 5520]}
1198	{1198 -12.4187 [338, 1158, 1382, 1383, 3059, 3060, 3061, 3062, 3063, 3064]}
1203	{1203 -10.1982 []}
1208	{1208 -13.1211 []}
1213	{1213 -11.5039 []}
1218	{1218 -Infinity [58, 165, 292, 514, 941, 1000, 1219, 1220, 1221]}
1223	{1223 -8.1769 [651, 751, 1800, 1827, 3156, 3905, 3981, 5192, 5311, 5312]}
1228	{1228 -13.6145 [23, 123, 126, 173, 1896, 3323, 4906, 4907]}
1233	{1233 -13.0866 []}
1238	{1238 -Infinity []}
1243	{1243 -13.8652 [138, 982, 988, 1787, 2465, 2663, 3106, 3107, 3108]}
1248	{1248 -15.5350 []}
1253	{1253 -19.2786 [13, 750, 2359, 3119]}
1258	{1258 -10.6759 [145, 149, 177, 247, 699, 856, 1317, 2063, 3002, 3118]}
1263	{1263 -Infinity []}
1268	{1268 -16.6814 []}
1273	{1273 -11.0571 [330, 2868, 3120, 3121, 3122, 3123, 3124, 3125, 3126, 3127]}
1278	{1278 -15.2176 [412, 1299, 1947, 1974, 2035, 2228, 2547, 3709, 3841, 5199]}
1283	{1283 -15.4027 []}
1288	{1288 -11.6799 []}
1293	{1293 -Infinity []}
1298	{1298 -Infinity []}
1303	{1303 -12.1388 []}
1308	{1308 -Infinity [2661, 2922, 3181, 3182, 3183]}
1313	{1313 -9.7138 []}
1318	{1318 -13.1464 [756, 1272, 1273, 1541, 1955, 2758, 3159, 3160, 3161, 3162]}
1323	{1323 -8.1729 [137, 557, 1039, 1728, 2646, 3079, 3199, 3200, 3201]}
1328	{1328 -8.1717 [1249, 2377, 2413, 2448, 3169, 3170, 3171, 3172, 3173, 3174]}
1333	{1333 -12.2523 [386, 604, 837, 2011, 2093, 2776, 2871, 3175, 3176, 3177]}
1338	{1338 -11.6223 [178, 725, 892, 1530, 2057, 2570, 2671, 2786, 3178, 3179]}
1343	{1343 -19.5230 [351, 1168, 1504, 1764, 1765, 2585, 3195, 3196, 3197, 3198]}
1348	{1348 -16.0204 []}
1353	{1353 -12.7032 []}
1358	{1358 -12.8560 []}
1363	{1363 -17.2104 []}
1368	{1368 -17.2104 []}
1373	{1373 -17.4554 []}
1378	{1378 -13.3985 []}
1383	{1383 -12.1640 [327, 782, 815, 2359, 2451, 2964, 3211, 3227, 3228, 3229]}
1388	{1388 -14.8070 [122, 123, 147, 176, 177, 246, 264, 422, 1245]}
1393	{1393 -11.4395 [4, 5, 145, 147, 149, 183, 252, 390, 423, 667]}
1398	{1398 -Infinity [554, 736, 1022, 1399, 1400, 1401, 1402]}
1403	{1403 -Infinity [132, 188, 926, 1404, 1405, 1406, 1407, 1408, 1409, 1410]}
1408	{1408 -14.1280 []}
1413	{1413 -15.0706 [1171, 2575, 2582, 2640, 2672, 2828, 2960, 3035, 3269, 3270]}
1418	{1418 -5.7355 []}
1423	{1423 -14.7879 []}
1428	{1428 -8.4950 []}
1433	{1433 -13.5757 [121, 124, 129, 143, 146, 147, 183, 266, 559, 718]}
1438	{1438 -14.0720 [173, 202, 222, 685, 1421, 1534, 3291, 3292, 3293, 3294]}
1443	{1443 -15.7038 [1444]}
1448	{1448 -Infinity []}
1453	{1453 -Infinity [221, 476, 1195, 1295, 1454, 1455, 1456, 1457, 1458, 1459]}
1458	{1458 -12.7830 [4, 5, 125, 144, 148, 149, 353, 422, 666, 856]}
1463	{1463 -Infinity []}
1468	{1468 -Infinity []}
1473	{1473 -22.2629 [9, 121, 127, 128, 144, 149, 238, 247, 426, 1317]}
1478	{1478 -Infinity [110, 798, 1095, 1215, 1479, 1480, 1481, 1482, 1483, 1484]}
1483	{1483 -Infinity []}
1488	{1488 -15.4166 []}
1493	{1493 -14.1446 [1227]}
1498	{1498 -24.7265 []}
1503	{1503 -14.0004 []}
1508	{1508 -17.7870 []}
1513	{1513 -17.3943 []}
1518	{1518 -13.0346 [1519]}
1523	{1523 -Infinity []}
1528	{1528 -13.0429 []}
1533	{1533 -12.7570 [85, 279, 529, 1255, 1401, 1822, 1920, 2332, 2884, 2891]}
1538	{1538 -10.5289 []}
1543	{1543 -13.2859 []}
1548	{1548 -12.6864 [169, 880, 1084, 1947, 2269, 2822, 3360, 3361, 3362, 3363]}
1553	{1553 -14.6976 []}
1558	{1558 -15.2004 []}
1563	{1563 -15.3326 []}
1568	{1568 -11.4847 []}
1573	{1573 -8.0811 [224, 490, 491, 496, 1123, 1140, 2221, 2222, 2705, 2953 ... (3 more) ]}
1578	{1578 -18.9567 []}
1583	{1583 -13.6664 []}
1588	{1588 -18.4283 []}
1593	{1593 -19.4555 []}
1598	{1598 -14.7253 []}
1603	{1603 -Infinity [5, 8, 9, 147, 149, 179, 252, 426, 856, 2098]}
1608	{1608 -11.6811 []}
1613	{1613 -20.2456 []}
1618	{1618 -15.6299 []}
1623	{1623 -21.1162 []}
1628	{1628 -13.5552 []}
1633	{1633 -19.8125 [83, 831, 1634, 1635, 1636, 1637, 1638, 1639, 1640]}
1638	{1638 -22.1721 [2017]}
1643	{1643 -21.3903 []}
1648	{1648 -Infinity [1649]}
1653	{1653 -13.7555 [69, 485, 1246, 1563, 3403]}
1658	{1658 -13.5916 [92, 860, 963, 1767, 2015, 2880, 2953, 3409, 3410, 3411]}
1663	{1663 -Infinity [266, 1152, 2257, 2429, 3140, 3571]}
1668	{1668 -Infinity [71, 1353, 1669, 1670, 1671]}
1673	{1673 -16.0538 [389, 503, 1513, 1940, 2216, 2359, 2634, 2636, 3448, 3449]}
1678	{1678 -Infinity []}
1683	{1683 -Infinity [1684]}
1688	{1688 -9.3617 []}
1693	{1693 -Infinity []}
1698	{1698 -15.8607 [2026, 2551, 2850, 2980, 3220, 3450, 3451, 3452, 3453, 3454]}
1703	{1703 -10.5123 [78, 889, 1358, 2423, 2906, 3468, 3469, 3470, 3471]}
1708	{1708 -11.3638 []}
1713	{1713 -Infinity [469, 514, 1219, 1252, 1776, 2163, 3472, 3473, 3474, 3475]}
1718	{1718 -10.6368 []}
1723	{1723 -Infinity [4, 7, 149, 175, 179, 252, 266, 352, 424]}
1728	{1728 -9.8556 []}
1733	{1733 -15.7963 [73, 407, 830, 2350, 3491, 3492, 3493, 3494, 3495, 3496]}
1738	{1738 -13.5609 []}
1743	{1743 -17.4476 [849, 2016, 2648, 2735, 2781, 2836, 3188, 3500, 3501, 3502]}
1748	{1748 -Infinity [255, 916, 1028, 1044, 1564, 1749, 1750, 1751, 1752]}
1753	{1753 -Infinity [182, 1754, 1755, 1756, 1757, 1758, 1759, 1760, 1761, 1762]}
1758	{1758 -24.1591 [1135, 2805, 3126, 3520, 3521, 3522, 3523, 3524, 3525, 3526]}
1763	{1763 -14.7535 []}
1768	{1768 -14.9664 []}
1773	{1773 -13.3537 []}
1778	{1778 -14.5296 []}
1783	{1783 -14.5296 []}
1788	{1788 -7.9989 []}
1793	{1793 -Infinity [1248, 1901, 2336, 2543, 2713, 2818, 2838, 3541]}
1798	{1798 -12.5679 []}
1803	{1803 -12.2196 []}
1808	{1808 -10.4808 []}
1813	{1813 -13.4879 [146, 176, 246, 252, 264, 368, 369, 390, 667, 718]}
1818	{1818 -18.6845 [18, 270, 725, 1157, 1575, 3174, 3413, 3554, 3555, 3556]}
1823	{1823 -21.4956 []}
1828	{1828 -12.8224 []}
1833	{1833 -11.9803 []}
1838	{1838 -21.3134 []}
1843	{1843 -19.3832 [567, 892, 1021, 2033, 2853, 3307, 3573, 3574, 3575, 3576]}
1848	{1848 -23.6333 [167, 276, 368, 2127, 2571, 2787, 2996, 3593, 3594]}
1853	{1853 -Infinity []}
1858	{1858 -Infinity []}
1863	{1863 -15.8879 []}
1868	{1868 -10.4412 [146, 148, 149, 174, 251, 252, 367, 390, 718, 1317]}
1873	{1873 -8.1633 []}
1878	{1878 -16.5044 []}
1883	{1883 -19.7716 [534, 621, 944, 1060, 1261, 2252, 2789, 3188, 3673, 3674]}
1888	{1888 -14.8899 [345, 846, 1251, 1826, 1889, 1890, 1891, 1892, 1893, 1894]}
1893	{1893 -17.3550 [1023, 3136]}
1898	{1898 -9.3508 []}
1903	{1903 -5.7350 []}
1908	{1908 -15.6172 []}
1913	{1913 -11.4833 []}
1918	{1918 -12.6651 []}
1923	{1923 -12.1566 [60, 82, 586, 835, 1749, 1969, 2317, 3693, 3694, 3695]}
1928	{1928 -12.5588 []}
1933	{1933 -17.0851 []}
1938	{1938 -16.7140 []}
1943	{1943 -14.9557 [13, 279, 646, 1887, 2545, 3256, 3515, 3715, 3716, 3717]}
1948	{1948 -11.4303 [121, 126, 128, 144, 145, 148, 265, 368, 559, 1626]}
1953	{1953 -19.5412 []}
1958	{1958 -14.2823 [58, 172, 582, 583, 1250, 1541, 2394, 2758, 3159, 3726]}
1963	{1963 -12.4679 []}
1968	{1968 -11.0040 [476, 955, 1054, 1773, 2625, 3733, 3734, 3735, 3736]}
1973	{1973 -13.8044 [155, 520, 2020, 2222, 2889, 3220, 3595, 3742, 3743]}
1978	{1978 -13.4515 []}
1983	{1983 -10.0984 []}
1988	{1988 -13.7175 [3768]}
1993	{1993 -17.3044 []}
1998	{1998 -18.2806 [3770]}
2003	{2003 -17.1999 [442, 494, 918, 1326, 3230, 3773, 3774, 3775, 3776, 3777]}
2008	{2008 -12.3639 []}
2013	{2013 -13.7109 []}
2018	{2018 -6.8396 []}
2023	{2023 -12.1328 [38, 281, 369, 2152, 2728, 3487, 3489, 3595, 3797, 3798]}
2028	{2028 -12.6018 []}
2033	{2033 -13.9299 []}
2038	{2038 -11.2120 [266, 390, 422, 423, 559, 736, 754, 856, 886, 2018]}
2043	{2043 -11.6026 [125, 191, 449, 2621, 3010, 3817, 3818, 3819, 3820, 3821]}
2048	{2048 -8.0582 [659, 1801, 1817, 2305, 2327, 2764, 2852, 3149, 3812, 3813]}
2053	{2053 -10.7550 [252, 368, 369, 390, 423, 1208, 2621, 3675, 3826, 3827]}
2058	{2058 -8.6583 []}
2063	{2063 -9.7083 []}
2068	{2068 -14.9705 [119, 1240, 1415, 1709, 2664, 3741, 3879]}
2073	{2073 -9.2881 []}
2078	{2078 -10.0225 []}
2083	{2083 -10.0006 []}
2088	{2088 -12.4304 [131, 267, 532, 1431, 2066, 2819, 2966, 3280, 3516, 3846]}
2093	{2093 -13.4587 [427, 484, 958, 1426, 1529, 1688, 2244, 3046, 3769, 3863]}
2098	{2098 -7.4723 []}
2103	{2103 -15.0417 []}
2108	{2108 -14.7640 []}
2113	{2113 -14.6094 []}
2118	{2118 -17.3473 []}
2123	{2123 -12.9690 []}
2128	{2128 -15.8335 []}
2133	{2133 -10.9916 [86, 433, 1378, 2451, 2637, 3185, 3862, 3880, 3881, 3882]}
2138	{2138 -10.5279 []}
2143	{2143 -14.2061 [494, 1068, 1402, 1545, 2165, 2166, 2215, 2646, 3889, 3890]}
2148	{2148 -12.0190 [1048, 2067, 2179, 3134, 3196, 3891, 3892, 3893, 3894, 3895]}
2153	{2153 -18.8345 [1219, 2847, 3804, 3856, 3908, 3909, 3910, 3911, 3912, 3913]}
2158	{2158 -16.5799 [262, 1021, 1115, 2002, 3433, 3467, 3896, 3897, 3898, 3899]}
2163	{2163 -15.7211 []}
2168	{2168 -12.5296 []}
2173	{2173 -13.3092 [2569]}
2178	{2178 -22.6255 [17, 31, 123, 126, 145, 149, 176, 697, 1317]}
2183	{2183 -11.3042 []}
2188	{2188 -11.9067 []}
2193	{2193 -5.6394 [5, 124, 144, 147, 176, 248, 427, 629, 3914, 3915]}
2198	{2198 -12.3080 []}
2203	{2203 -12.5875 []}
2208	{2208 -8.5568 []}
2213	{2213 -10.0927 []}
2218	{2218 -10.8077 []}
2223	{2223 -13.5637 [107, 883, 1021, 1048, 1175, 1269, 1936, 2414, 3868, 3930]}
2228	{2228 -5.6393 [222, 1173, 1374, 2358, 2552, 3354, 3934, 3935, 3936, 3937]}
2233	{2233 -16.8157 []}
2238	{2238 -18.2721 []}
2243	{2243 -11.7519 [9, 123, 125, 126, 129, 144, 176, 352, 367, 427]}
2248	{2248 -13.0240 [117, 485, 820, 2353, 3671, 4067, 5114, 5115, 5116, 5117]}
2253	{2253 -11.0905 [113, 222, 382, 411, 1157, 2169, 2552, 3949, 3950]}
2258	{2258 -24.7265 []}
2263	{2263 -15.0088 []}
2268	{2268 -15.4782 []}
2273	{2273 -10.6325 []}
2278	{2278 -8.0787 [152, 1313, 1901, 1997, 2200, 2602, 2975, 3968, 3969, 3970]}
2283	{2283 -11.7636 []}
2288	{2288 -8.8142 [3453, 3791, 3971, 3972, 3973, 3974, 3975, 3976, 3977, 3978]}
2293	{2293 -14.5386 [118, 717, 771, 1364, 1365, 1366, 1946, 2581, 3985, 3986]}
2298	{2298 -13.5342 []}
2303	{2303 -12.6355 []}
2308	{2308 -11.8692 []}
2313	{2313 -11.8204 [3, 121, 129, 143, 179, 264, 353, 367, 390, 717]}
2318	{2318 -18.3852 [1021, 2538, 3763, 3789, 4008, 4009, 4010, 4011, 4012, 4013]}
2323	{2323 -11.8575 []}
2328	{2328 -16.4705 []}
2333	{2333 -11.0705 [126, 529, 1334, 1706, 1891, 2344, 3096, 3672, 3822, 4030]}
2338	{2338 -10.7971 [256, 840, 1031, 1457, 1509, 2785, 3006, 3743, 5056, 5645]}
2343	{2343 -12.9968 [338, 1196, 1198, 1766, 2320, 2889, 3113, 3301, 3565, 3566]}
2348	{2348 -11.9439 [1087]}
2353	{2353 -14.6760 []}
2358	{2358 -8.0904 [215, 1522, 2443, 4056, 4281, 4844, 6168, 6232]}
2363	{2363 -16.9392 []}
2368	{2368 -15.3267 []}
2373	{2373 -15.9893 []}
2378	{2378 -11.6310 []}
2383	{2383 -11.4887 []}
2388	{2388 -15.9137 [261, 937, 1229, 2225, 2595, 2948, 3205, 4072, 4073, 4074]}
2393	{2393 -13.1038 []}
2398	{2398 -10.8243 [2792, 3019, 3721, 3813, 4087]}
2403	{2403 -9.9380 []}
2408	{2408 -9.9964 []}
2413	{2413 -7.8588 []}
2418	{2418 -11.7474 []}
2423	{2423 -12.8105 []}
2428	{2428 -14.3476 [451, 532, 1766, 2068, 2069, 2193, 4028, 4095, 4096, 4097]}
2433	{2433 -10.9353 []}
2438	{2438 -16.8670 []}
2443	{2443 -10.1835 []}
2448	{2448 -10.6282 []}
2453	{2453 -14.5149 [125, 126, 128, 145, 179, 180, 250, 856, 2001]}
2458	{2458 -18.3456 []}
2463	{2463 -15.5220 [5, 933, 2592, 2797, 2798, 3105, 3927, 4084, 4114, 4115]}
2468	{2468 -15.3420 []}
2473	{2473 -13.2729 []}
2478	{2478 -14.8315 []}
2483	{2483 -19.1533 []}
2488	{2488 -18.7272 []}
2493	{2493 -9.2713 []}
2498	{2498 -11.7668 [819, 2502, 3129, 3489, 4107, 4143, 4144, 4145, 4146, 4147]}
2503	{2503 -15.4989 [132, 181, 397, 707, 1786, 2750, 2751, 3801, 3995, 4136]}
2508	{2508 -29.0281 []}
2513	{2513 -29.0281 []}
2518	{2518 -12.9990 []}
2523	{2523 -12.8897 [257, 469, 586, 693, 1356, 1454, 2500, 3995, 4158, 4159]}
2528	{2528 -13.0701 []}
2533	{2533 -18.0086 []}
2538	{2538 -12.4403 []}
2543	{2543 -15.0461 []}
2548	{2548 -13.2344 [17, 146, 175, 266, 423, 558, 559, 667, 697, 1245]}
2553	{2553 -11.8044 []}
2558	{2558 -13.2570 []}
2563	{2563 -9.5807 []}
2568	{2568 -12.7989 []}
2573	{2573 -16.6340 []}
2578	{2578 -9.7621 [490, 1775, 2096, 3405, 3616, 3967, 4129, 4222, 4223, 4224]}
2583	{2583 -9.6990 []}
2588	{2588 -12.7942 []}
2593	{2593 -9.9855 [866, 932, 1303, 1377, 1492, 4190, 4191, 4192, 4193]}
2598	{2598 -7.8995 []}
2603	{2603 -13.5552 []}
2608	{2608 -13.5552 []}
2613	{2613 -12.3103 []}
2618	{2618 -10.0033 []}
2623	{2623 -24.1780 []}
2628	{2628 -13.4949 []}
2633	{2633 -10.6485 []}
2638	{2638 -11.7583 [179, 1061, 1317, 2720, 2721, 3821, 4230, 4231, 4232, 4233]}
2643	{2643 -11.5573 []}
2648	{2648 -13.9239 []}
2653	{2653 -12.3782 [2403, 2764, 2973, 3576, 4237, 4426, 5289, 5417, 5418]}
2658	{2658 -10.5800 []}
2663	{2663 -12.9361 [107, 325, 1412, 1504, 2862, 3204, 3292, 4247, 4248, 4249]}
2668	{2668 -17.5411 []}
2673	{2673 -13.1243 []}
2678	{2678 -18.3359 [2314, 2481, 2788, 2828, 3279, 4251, 4252, 4253, 4254, 4255]}
2683	{2683 -10.4620 [152, 1695, 2354, 2385, 3109, 3343, 3710, 3879, 3981, 4170]}
2688	{2688 -10.6417 []}
2693	{2693 -15.3808 [82, 1536, 1734, 2039, 2433, 2820, 4262, 4263, 4264, 4265]}
2698	{2698 -15.9661 [470, 802, 928, 958, 1067, 1590, 3995, 4137, 4270, 4271]}
2703	{2703 -14.7497 []}
2708	{2708 -8.0940 []}
2713	{2713 -17.9867 []}
2718	{2718 -16.3966 [748, 2127, 2293, 2614, 3558, 3913, 4052, 4281, 4282, 4283]}
2723	{2723 -11.9641 [661, 814, 1025, 2038, 2943, 3613, 4082, 4284, 4285, 4286]}
2728	{2728 -14.5538 [121, 129, 174, 183, 238, 353, 424, 427, 717, 2338]}
2733	{2733 -8.0936 [3, 8, 177, 238, 249, 368, 369, 427, 667, 717]}
2738	{2738 -14.0581 []}
2743	{2743 -15.8497 [14, 1022, 1278, 1352, 2726, 2974, 3312, 4151, 4296, 4297]}
2748	{2748 -11.3252 [165, 1066, 1140, 3096, 3801, 3946, 4153, 4300, 4301, 4302]}
2753	{2753 -15.1167 []}
2758	{2758 -10.0409 []}
2763	{2763 -14.5211 []}
2768	{2768 -15.0761 []}
2773	{2773 -12.7727 [557, 583, 810, 832, 1728, 1866, 2974, 4304, 4305]}
2778	{2778 -16.3038 [3497]}
2783	{2783 -13.8199 []}
2788	{2788 -15.4927 []}
2793	{2793 -17.0757 []}
2798	{2798 -12.0997 [177, 261, 266, 1134, 1529, 3304, 3590, 4307, 4308, 4309]}
2803	{2803 -15.2640 [633, 942, 2095, 2307, 2327, 2870, 2927, 3204, 3808, 4310]}
2808	{2808 -11.4386 [102, 552, 667, 677, 1056, 1956, 2719, 4189, 4316, 4317]}
2813	{2813 -11.6156 []}
2818	{2818 -11.5293 []}
2823	{2823 -13.3102 [1089, 1915, 2021, 2884, 3119, 4165, 4321, 4322, 4323, 4324]}
2828	{2828 -17.4983 [113, 256, 518, 2196, 2322, 2992, 3963, 4124, 4325]}
2833	{2833 -16.2228 []}
2838	{2838 -13.8292 []}
2843	{2843 -14.1768 []}
2848	{2848 -14.8474 []}
2853	{2853 -15.1283 []}
2858	{2858 -15.1028 []}
2863	{2863 -15.3575 []}
2868	{2868 -12.9725 [167, 1232, 1451, 2266, 2723, 2931, 2941, 3375, 3981, 4341]}
2873	{2873 -15.9884 [3, 124, 143, 176, 248, 264, 352, 367, 369, 856]}
2878	{2878 -16.4766 []}
2883	{2883 -19.7977 [337, 409, 1289, 1473, 2321, 2744, 3565, 4365, 4366, 4367]}
2888	{2888 -12.9488 [527, 652, 1738, 2304, 3017, 4327, 4393, 4394, 4395, 4396]}
2893	{2893 -13.6059 []}
2898	{2898 -15.8085 [932, 1305, 2353, 2694, 2770, 3138, 4058, 4381, 4382, 4383]}
2903	{2903 -14.0436 [117, 380, 716, 1043, 1706, 1780, 2761, 3146, 4387, 4388]}
2908	{2908 -15.2278 []}
2913	{2913 -21.8559 []}
2918	{2918 -13.8131 []}
2923	{2923 -13.3093 []}
2928	{2928 -15.2427 []}
2933	{2933 -13.0431 []}
2938	{2938 -15.0371 [486, 494, 534, 924, 1297, 1559, 1940, 2650, 4124]}
2943	{2943 -12.1177 []}
2948	{2948 -10.3062 [355, 607, 823, 1466, 3855, 4424, 4425, 4426, 4427, 4428]}
2953	{2953 -10.5778 []}
2958	{2958 -12.8827 [458, 669, 852, 1115, 1786, 1798, 2255, 2571, 4136]}
2963	{2963 -17.5138 []}
2968	{2968 -16.5472 []}
2973	{2973 -9.4737 []}
2978	{2978 -17.3592 []}
2983	{2983 -19.5996 []}
2988	{2988 -24.2089 [1396, 1598, 1821, 2069, 2276, 3188, 3433, 3563, 3974, 4422]}
2993	{2993 -15.2503 []}
2998	{2998 -14.1053 []}
3003	{3003 -14.6599 [219, 1087, 1761, 1930, 2645, 2787, 2871, 3207, 4082, 4445]}
3008	{3008 -15.7238 []}
3013	{3013 -18.2010 []}
3018	{3018 -19.7719 []}
3023	{3023 -8.0947 [144, 148, 149, 420, 551, 559, 1184, 1994, 4425, 4459]}
3028	{3028 -12.1247 []}
3033	{3033 -9.6990 [1476, 1894, 2361, 2532, 3173, 3806, 3833, 3918, 4464, 4465]}
3038	{3038 -12.1058 [308, 1001, 1239, 1766, 2490, 3516, 3564, 3781, 4471, 4472]}
3043	{3043 -17.2051 [9, 126, 145, 147, 148, 252, 266, 352, 559, 856]}
3048	{3048 -16.1591 []}
3053	{3053 -12.3886 []}
3058	{3058 -13.2689 [122, 124, 143, 247, 252, 264, 367, 369, 559]}
3063	{3063 -14.8838 [707, 926, 3016, 3570, 4492]}
3068	{3068 -Infinity []}
3073	{3073 -Infinity []}
3078	{3078 -Infinity [75, 108, 272, 274, 477, 814, 1542, 2248, 4019, 4500]}
3083	{3083 -15.4239 []}
3088	{3088 -18.1480 [121, 122, 123, 125, 127, 144, 174, 352, 369, 1317]}
3093	{3093 -10.1791 []}
3098	{3098 -14.4978 [308, 480, 1376, 2199, 2362, 2995, 3273, 4355, 4533, 4534]}
3103	{3103 -Infinity []}
3108	{3108 -14.7643 []}
3113	{3113 -11.5785 []}
3118	{3118 -13.1292 []}
3123	{3123 -13.5222 []}
3128	{3128 -17.1302 []}
3133	{3133 -13.0105 []}
3138	{3138 -11.7725 [127, 143, 252, 369, 390, 754, 1387, 1912, 2050, 4487]}
3143	{3143 -16.2862 []}
3148	{3148 -20.3992 [3301]}
3153	{3153 -16.0792 []}
3158	{3158 -15.3163 []}
3163	{3163 -5.7122 [1021, 2048, 2476, 2787, 3617, 4291, 4566, 4567, 4568]}
3168	{3168 -5.7195 []}
3173	{3173 -10.4398 []}
3178	{3178 -13.9129 [1948, 2119, 3325, 3457, 4419, 4572, 4573, 4574, 4575, 4576]}
3183	{3183 -Infinity []}
3188	{3188 -14.7757 []}
3193	{3193 -9.9437 [1983]}
3198	{3198 -21.9880 []}
3203	{3203 -16.8143 []}
3208	{3208 -14.5104 [559, 1037, 1122, 1175, 2018, 2524, 4005, 4508, 4592, 4593]}
3213	{3213 -14.7905 [3, 5, 7, 8, 124, 174, 249, 251, 369, 427]}
3218	{3218 -14.2241 []}
3223	{3223 -16.7842 [1327, 2265, 3720, 4609, 4610]}
3228	{3228 -12.3579 [294, 1511, 2024, 2677, 2935, 2936, 3908, 4614, 4615, 4616]}
3233	{3233 -13.4281 [8, 122, 144, 148, 174, 179, 424, 427, 1317, 2338]}
3238	{3238 -13.6755 []}
3243	{3243 -16.3246 []}
3248	{3248 -15.0864 []}
3253	{3253 -15.0138 []}
3258	{3258 -13.3489 [124, 127, 128, 143, 147, 247, 251, 266, 369, 1245]}
3263	{3263 -18.2527 []}
3268	{3268 -18.2527 []}
3273	{3273 -14.8418 [623, 962, 1177, 2337, 2427, 3981, 4645, 4646, 4647]}
3278	{3278 -22.6755 []}
3283	{3283 -12.0381 []}
3288	{3288 -13.7001 []}
3293	{3293 -15.7468 []}
3298	{3298 -10.1808 []}
3303	{3303 -14.5416 []}
3308	{3308 -10.5496 []}
3313	{3313 -15.0453 []}
3318	{3318 -14.2290 []}
3323	{3323 -14.7613 [122, 127, 145, 148, 176, 177, 249, 424, 427, 1246]}
3328	{3328 -12.1227 []}
3333	{3333 -16.3292 [211, 331, 651, 2125, 2129, 2377, 3951, 4249, 4676, 4677]}
3338	{3338 -13.6766 [133, 1808, 2971, 3808, 4281, 4356, 4412, 4682]}
3343	{3343 -11.9136 []}
3348	{3348 -15.5293 [124, 128, 146, 147, 176, 238, 249, 264, 368, 718]}
3353	{3353 -Infinity []}
3358	{3358 -14.4454 [132, 1801, 1900, 2224, 3039, 3606, 4533, 4697, 4698, 4699]}
3363	{3363 -14.5417 [990, 2444, 2689, 3293, 4221, 4700, 4701, 4702, 4703, 4704]}
3368	{3368 -10.3646 []}
3373	{3373 -12.5635 [4, 9, 251, 698, 2599, 4250, 4710, 4711, 4712, 4713]}
3378	{3378 -21.7784 [2875]}
3383	{3383 -13.8518 [835, 1003, 1288, 2788, 2867, 4625, 4722, 4723, 4724]}
3388	{3388 -15.2652 []}
3393	{3393 -15.8920 [646, 1251, 1487, 1618, 3223, 3463, 4731, 4732]}
3398	{3398 -Infinity [341, 1859, 1955, 2891, 2905, 3788, 3822, 4743, 4744, 4745]}
3403	{3403 -14.8497 [7, 123, 125, 144, 149, 248, 251, 367, 424, 1317]}
3408	{3408 -10.8077 [462, 582, 940, 1530, 2795, 3717, 4237, 4519, 4752, 4753]}
3413	{3413 -8.0952 []}
3418	{3418 -8.0942 []}
3423	{3423 -14.2211 []}
3428	{3428 -14.4943 [1235, 1539, 1776, 1947, 3136, 4373, 4675, 4755, 4756, 4757]}
3433	{3433 -15.8629 [105, 231, 424, 833, 921, 2911, 3170, 3497, 4461, 4472]}
3438	{3438 -15.6635 []}
3443	{3443 -18.3724 []}
3448	{3448 -12.4891 [123, 127, 129, 143, 146, 176, 247, 249, 352, 717]}
3453	{3453 -10.8875 []}
3458	{3458 -12.8709 []}
3463	{3463 -12.7154 [257, 478, 786, 1129, 2261, 2330, 3417, 4767, 4768]}
3468	{3468 -12.8565 [740, 997, 1565, 3968, 4206, 4239, 4355, 4770, 4771, 4772]}
3473	{3473 -15.9080 []}
3478	{3478 -15.4175 [1539]}
3483	{3483 -15.7069 []}
3488	{3488 -12.4145 []}
3493	{3493 -18.2614 []}
3498	{3498 -14.9508 []}
3503	{3503 -13.7383 [176, 937, 1275, 1387, 2829, 3596, 4097, 4445, 4606, 4788]}
3508	{3508 -16.2380 []}
3513	{3513 -20.9190 []}
3518	{3518 -20.8326 []}
3523	{3523 -17.2141 []}
3528	{3528 -20.8069 [305, 707, 2285, 2869, 4726, 4797, 4798, 4799, 4800, 4801]}
3533	{3533 -13.8001 []}
3538	{3538 -12.5156 []}
3543	{3543 -14.8410 []}
3548	{3548 -14.8866 []}
3553	{3553 -14.0512 [5, 121, 125, 126, 148, 179, 265, 352, 422, 666]}
3558	{3558 -12.2329 [307, 690, 983, 1367, 3266, 3737, 3856, 4686, 4827]}
3563	{3563 -7.9981 []}
3568	{3568 -12.8884 [43, 221, 918, 1311, 1934, 2862, 3614, 4802, 4836, 4837]}
3573	{3573 -21.8484 [184, 412, 725, 2119, 2461, 3602, 4382, 4445, 4834, 4835]}
3578	{3578 -12.2717 []}
3583	{3583 -12.8985 []}
3588	{3588 -21.8484 [4813]}
3593	{3593 -13.8770 []}
3598	{3598 -14.8679 []}
3603	{3603 -14.9350 []}
3608	{3608 -12.4837 []}
3613	{3613 -14.4292 [944, 2269, 2621, 3412, 3904, 4553, 4856, 4857]}
3618	{3618 -11.2212 []}
3623	{3623 -17.0397 []}
3628	{3628 -19.0888 [352]}
3633	{3633 -17.3824 []}
3638	{3638 -17.9363 []}
3643	{3643 -14.1927 []}
3648	{3648 -14.1927 []}
3653	{3653 -14.1927 []}
3658	{3658 -14.1413 [520, 1036, 1587, 1797, 2334, 3094, 3473, 4879, 4880]}
3663	{3663 -14.1927 []}
3668	{3668 -14.1927 []}
3673	{3673 -22.2366 [123, 127, 177, 246, 264, 353, 422, 717, 856, 1245]}
3678	{3678 -11.6402 []}
3683	{3683 -14.9196 []}
3688	{3688 -12.9943 []}
3693	{3693 -14.6217 [3, 123, 126, 144, 149, 179, 251, 367, 424, 717]}
3698	{3698 -13.5889 []}
3703	{3703 -19.0020 [459, 1171, 1822, 3193, 3204, 3767, 3778, 4813, 4893]}
3708	{3708 -14.1561 []}
3713	{3713 -16.0299 []}
3718	{3718 -15.8945 []}
3723	{3723 -14.2602 []}
3728	{3728 -12.6754 [73, 2923, 3495, 4908, 4909]}
3733	{3733 -13.3229 [118, 241, 1086, 2119, 2364, 2502, 3260, 4910, 4911, 4912]}
3738	{3738 -15.4263 [587, 1216, 1424, 1792, 2010, 3084, 4788, 4915, 4916]}
3743	{3743 -13.2078 []}
3748	{3748 -15.8024 []}
3753	{3753 -18.7617 []}
3758	{3758 -17.9496 []}
3763	{3763 -17.9798 []}
3768	{3768 -12.4998 []}
3773	{3773 -19.6650 []}
3778	{3778 -13.8906 []}
3783	{3783 -13.8912 []}
3788	{3788 -14.4687 []}
3793	{3793 -13.1466 []}
3798	{3798 -14.3876 [1313, 2375, 2378, 2612, 3211, 3479, 3563, 4209, 4534, 4931]}
3803	{3803 -18.6379 []}
3808	{3808 -14.2921 []}
3813	{3813 -10.2829 [491, 637, 1150, 1338, 1540, 1947, 4789, 4895, 4934, 4935]}
3818	{3818 -14.0371 [953, 1021, 1392, 1798, 2035, 2285, 4103, 4936, 4937, 4938]}
3823	{3823 -14.8941 [1085, 1089, 1794, 1888, 2625, 3829, 4940, 4941, 4942, 4943]}
3828	{3828 -16.4191 []}
3833	{3833 -12.1375 [414, 1168, 1415, 2257, 4037, 4948, 4949, 4950, 4951, 4952]}
3838	{3838 -11.7522 [606, 814, 1701, 2285, 3371, 4132, 4954, 4955, 4956, 4957]}
3843	{3843 -13.8256 [17, 143, 148, 175, 250, 266, 423, 697, 754, 1245]}
3848	{3848 -14.7919 [3212]}
3853	{3853 -12.4920 []}
3858	{3858 -12.5426 [2081, 2519, 2762, 3247, 4439, 4441, 4828, 4877]}
3863	{3863 -13.3630 [804, 2399, 3489, 3543, 3813, 4333, 4395, 5229, 5264, 5337]}
3868	{3868 -14.9743 []}
3873	{3873 -17.3982 []}
3878	{3878 -19.8125 []}
3883	{3883 -13.4347 [8, 123, 146, 247, 248, 249, 266, 369, 427, 667]}
3888	{3888 -28.2149 []}
3893	{3893 -10.1899 [126, 145, 147, 252, 667, 732, 754, 1909, 3349]}
3898	{3898 -19.0449 []}
3903	{3903 -13.2515 [690, 902, 2325, 2942, 3106, 3563, 4847, 4981, 4982, 4983]}
3908	{3908 -14.7267 []}
3913	{3913 -18.5790 [204, 607, 804, 1072, 1605, 1728, 1780, 3339, 4995]}
3918	{3918 -12.1445 []}
3923	{3923 -12.7767 []}
3928	{3928 -16.6188 []}
3933	{3933 -8.1044 [45, 219, 425, 1056, 2344, 2781, 3995, 4361, 4720, 5008]}
3938	{3938 -17.0819 []}
3943	{3943 -15.3487 [2539, 2744, 2747, 2859, 2898, 3779, 4613, 5010, 5011, 5012]}
3948	{3948 -15.0306 [124, 127, 143, 247, 251, 264, 367, 390, 718, 1245]}
3953	{3953 -13.5254 []}
3958	{3958 -12.7899 []}
3963	{3963 -11.7017 [23, 96, 350, 1322, 1664, 1798, 3144, 4022, 4890]}
3968	{3968 -10.5347 []}
3973	{3973 -11.2793 []}
3978	{3978 -11.2793 []}
3983	{3983 -13.8187 []}
3988	{3988 -15.3319 [712, 2209, 2391, 2523, 3119, 3362, 4838, 5024, 5025]}
3993	{3993 -16.0849 []}
3998	{3998 -13.9160 [255, 1332, 1730, 1936, 3213, 3625, 4704, 5039, 5040, 5041]}
4003	{4003 -17.4149 [3, 8, 127, 143, 177, 248, 352, 353, 367, 424]}
4008	{4008 -20.8503 [1199, 1297, 1867, 2664, 3071, 3801, 4723, 5042, 5043, 5044]}
4013	{4013 -19.3233 []}
4018	{4018 -11.2156 []}
4023	{4023 -14.1806 []}
4028	{4028 -16.6079 []}
4033	{4033 -14.1821 [21, 385, 1084, 1137, 1167, 1342, 2690, 3829, 4876, 4915]}
4038	{4038 -15.8658 [2236]}
4043	{4043 -16.0059 [744, 749, 946, 2040, 2286, 2912, 4432, 4675, 5054, 5055]}
4048	{4048 -8.1844 []}
4053	{4053 -10.5504 []}
4058	{4058 -14.0530 [550, 628, 1750, 2649, 5056, 5057]}
4063	{4063 -11.6729 []}
4068	{4068 -13.7369 [113, 363, 828, 2414, 4885, 4904, 4953, 5060, 5061, 5062]}
4073	{4073 -18.3787 [134, 1224, 1250, 1739, 1862, 2050, 3460, 4262, 5072, 5073]}
4078	{4078 -16.4661 [387, 584, 674, 1670, 2091, 3091, 4328, 4467, 5070, 5071]}
4083	{4083 -13.3025 [4317]}
4088	{4088 -13.9043 []}
4093	{4093 -12.2994 [656, 1156, 1546, 2207, 2254, 4039, 4502, 5049, 5074, 5075]}
4098	{4098 -14.0361 [762, 2593, 3956, 4118, 4871]}
4103	{4103 -14.8505 [9, 17, 175, 252, 390, 422, 559, 856, 1245, 1770]}
4108	{4108 -19.1518 []}
4113	{4113 -14.8418 [123, 127, 176, 179, 248, 249, 352, 422, 427, 667]}
4118	{4118 -13.7237 []}
4123	{4123 -15.5460 []}
4128	{4128 -16.0336 []}
4133	{4133 -14.6963 []}
4138	{4138 -31.4987 []}
4143	{4143 -12.2571 [685, 1036, 1797, 2334, 3562]}
4148	{4148 -15.7484 []}
4153	{4153 -12.1728 []}
4158	{4158 -12.9038 [584, 770, 2229, 3982, 4739, 4783, 5099, 5100, 5101, 5102]}
4163	{4163 -12.9152 []}
4168	{4168 -16.0280 []}
4173	{4173 -12.9123 []}
4178	{4178 -15.4462 []}
4183	{4183 -14.6084 [463, 1235, 2500, 2823, 4321, 5109, 5110, 5111, 5112, 5113]}
4188	{4188 -18.2579 []}
4193	{4193 -12.3445 [365, 787, 995, 1447, 2601, 2746, 3499, 3840, 3896, 4332]}
4198	{4198 -13.6378 [345, 1318, 1424, 1814, 3033, 3205, 4035, 4960, 5123]}
4203	{4203 -11.9578 [875, 1675, 4118, 4277, 4917, 5129, 5130]}
4208	{4208 -16.0204 [252, 1068, 2564, 3620, 4071, 5022, 5133, 5134, 5135, 5136]}
4213	{4213 -13.2371 [477, 579, 856, 1824, 2214, 2366, 2463, 4293, 4894, 5140]}
4218	{4218 -13.2555 []}
4223	{4223 -12.1414 []}
4228	{4228 -18.3109 [20, 179, 238, 346, 347, 2337, 3229, 3480, 4132, 5150]}
4233	{4233 -14.2234 []}
4238	{4238 -14.1385 []}
4243	{4243 -14.6950 []}
4248	{4248 -13.7439 []}
4253	{4253 -20.8011 [5169]}
4258	{4258 -14.2413 []}
4263	{4263 -16.6411 [11, 20, 1389, 2628, 2668, 3080, 3177, 3945, 4876, 4980]}
4268	{4268 -17.2000 []}
4273	{4273 -10.3349 []}
4278	{4278 -14.5563 []}
4283	{4283 -18.8618 []}
4288	{4288 -10.5401 []}
4293	{4293 -13.4078 [54, 2253, 4062, 4636, 5193, 5194, 5195, 5196, 5197, 5198]}
4298	{4298 -12.3711 [911, 1726, 2789, 3149, 4371, 4487, 4770, 5200, 5201]}
4303	{4303 -15.7979 [31, 121, 124, 148, 177, 180, 352, 427, 736, 2001]}
4308	{4308 -14.5648 [1299, 1533, 1609, 1872, 1926, 1955, 3455, 4078, 4485, 5205]}
4313	{4313 -21.6339 []}
4318	{4318 -12.7041 []}
4323	{4323 -15.7754 []}
4328	{4328 -18.8657 []}
4333	{4333 -14.0961 []}
4338	{4338 -16.3578 [56, 363, 432, 554, 1859, 3608, 4143, 4151, 4929, 5225]}
4343	{4343 -14.8195 [169, 1050, 1317, 1437, 3223, 3362, 4731, 5200, 5231]}
4348	{4348 -13.9992 []}
4353	{4353 -14.0162 [4, 5, 123, 125, 126, 144, 177, 180, 754, 1317]}
4358	{4358 -14.9247 [124, 250, 264, 266, 368, 423, 427, 559, 2018]}
4363	{4363 -16.4233 []}
4368	{4368 -14.3559 []}
4373	{4373 -12.6674 []}
4378	{4378 -17.6654 [255, 363, 741, 869, 1456, 1762, 2485, 3109, 4854, 5251]}
4383	{4383 -18.2736 []}
4388	{4388 -16.3822 [213, 265, 369, 427, 554, 695, 754, 2914, 3028, 5247]}
4393	{4393 -12.8326 []}
4398	{4398 -18.0097 []}
4403	{4403 -14.8048 [202, 280, 1021, 2251, 2296, 4117, 4382, 5263, 5264]}
4408	{4408 -10.2035 []}
4413	{4413 -13.9665 []}
4418	{4418 -17.5155 []}
4423	{4423 -13.0801 [8, 77, 282, 1143, 1571, 1765, 2961, 3138, 4801, 5282]}
4428	{4428 -12.7599 [179, 247, 251, 266, 368, 422, 423, 424, 667, 717]}
4433	{4433 -14.1473 [8, 1345, 1890, 3362, 3677]}
4438	{4438 -13.4509 [631, 769, 812, 1317, 1374, 2906, 3617, 3635, 4873, 5275]}
4443	{4443 -19.8734 [173, 489, 1896, 1974, 2646, 3114, 3806, 4036, 4275, 5284]}
4448	{4448 -20.3916 []}
4453	{4453 -16.3115 []}
4458	{4458 -16.6693 [47, 491, 541, 2869, 3779, 5118, 5298, 5299, 5300, 5301]}
4463	{4463 -15.1440 [81, 637, 697, 2875, 3813, 5100, 5306, 5307]}
4468	{4468 -16.1005 []}
4473	{4473 -20.2251 []}
4478	{4478 -12.9570 [1052, 1146, 1961, 3418, 4009, 4364, 5313, 5314, 5315, 5316]}
4483	{4483 -16.4851 []}
4488	{4488 -17.2371 []}
4493	{4493 -Infinity []}
4498	{4498 -16.7649 []}
4503	{4503 -15.6225 []}
4508	{4508 -16.9049 [125, 129, 145, 174, 180, 353, 559, 697, 717, 1317]}
4513	{4513 -20.0966 [904, 1524, 2164, 2710, 3241, 3303, 3478, 5191, 5336, 5337]}
4518	{4518 -14.0065 []}
4523	{4523 -19.0892 []}
4528	{4528 -19.0892 []}
4533	{4533 -14.7039 [103, 112, 1382, 1541, 1741, 2201, 2312, 2758, 5338, 5339]}
4538	{4538 -17.3871 []}
4543	{4543 -15.9770 []}
4548	{4548 -15.6378 []}
4553	{4553 -11.4969 [3, 124, 146, 251, 266, 422, 667, 856, 2001, 2018]}
4558	{4558 -18.0322 []}
4563	{4563 -12.9864 []}
4568	{4568 -8.0720 [202, 1330, 2791, 5354, 5355, 5356, 5357, 5358]}
4573	{4573 -14.9965 []}
4578	{4578 -17.1548 []}
4583	{4583 -15.3347 [1068, 1227, 2036, 3087, 4194, 4793, 5281, 5285, 5382, 5383]}
4588	{4588 -16.2824 []}
4593	{4593 -16.9755 [227, 727, 802, 945, 1347, 1956, 2884, 3485, 4324, 5369]}
4598	{4598 -19.5798 [4, 146, 180, 250, 368, 390, 697, 1245, 1317]}
4603	{4603 -13.6515 [5381]}
4608	{4608 -20.4210 []}
4613	{4613 -16.4301 []}
4618	{4618 -12.8936 []}
4623	{4623 -14.2544 []}
4628	{4628 -14.6109 [68, 831, 1787, 2355, 2862, 3304, 3470, 4889, 5384, 5385]}
4633	{4633 -15.8063 [199, 474, 476, 637, 2269, 3105, 3227, 4646, 5397, 5398]}
4638	{4638 -14.5631 [159, 828, 1604, 2886, 5357, 5399, 5400, 5401, 5402]}
4643	{4643 -16.2115 [538, 1575, 1731, 2214, 2784, 3566, 4336, 5342, 5343]}
4648	{4648 -15.0717 []}
4653	{4653 -11.7513 []}
4658	{4658 -13.6954 [1973]}
4663	{4663 -14.9991 []}
4668	{4668 -14.8414 []}
4673	{4673 -16.8020 []}
4678	{4678 -14.4592 []}
4683	{4683 -15.2906 []}
4688	{4688 -10.8247 []}
4693	{4693 -14.2330 [416, 705, 1651, 1968, 2399, 2848, 3733, 4640, 5426, 5427]}
4698	{4698 -16.9105 []}
4703	{4703 -17.0068 []}
4708	{4708 -15.7659 []}
4713	{4713 -15.0286 []}
4718	{4718 -16.5173 []}
4723	{4723 -16.1140 [529, 649, 2358, 3220, 4670, 4676, 4844, 5241, 5428, 5442]}
4728	{4728 -13.7926 [102, 126, 144, 145, 179, 266, 483, 1827, 3290, 4643]}
4733	{4733 -17.5728 [178, 983, 1679, 2569, 3590, 3730, 4526, 4876, 5447, 5448]}
4738	{4738 -14.6404 [77, 586, 672, 1980, 2147, 3138, 5016, 5303, 5451, 5452]}
4743	{4743 -Infinity []}
4748	{4748 -17.5492 [1337, 1981, 2383, 3775, 3810, 4598, 5102, 5464, 5465, 5466]}
4753	{4753 -13.2728 []}
4758	{4758 -16.0678 [365, 1321, 1808, 2304, 3092, 4031, 4063, 5451, 5468]}
4763	{4763 -12.9113 []}
4768	{4768 -15.0751 [989, 5477]}
4773	{4773 -14.9857 []}
4778	{4778 -14.9825 [712, 1034, 1345, 1743, 1807, 2391, 3110, 4003, 5485, 5486]}
4783	{4783 -14.5989 [51, 651, 1563, 2186, 2377, 2452, 2579, 3418, 3917, 4293]}
4788	{4788 -15.8885 [1909, 1942, 2068, 4183, 4216, 4653, 5115, 5304, 5493, 5494]}
4793	{4793 -8.8077 [105, 127, 423, 442, 918, 1540, 2445, 4664, 5497]}
4798	{4798 -20.9656 [821, 1456, 1842, 1955, 2866, 2889, 3233, 3805, 5499, 5500]}
4803	{4803 -16.1595 [495, 2497, 3088, 3422, 4036, 4187, 4882, 5043, 5507, 5508]}
4808	{4808 -17.0989 []}
4813	{4813 -18.0066 [300, 1434, 1487, 1730, 2541, 2787, 2881, 5510]}
4818	{4818 -8.7446 []}
4823	{4823 -16.8116 []}
4828	{4828 -14.4012 []}
4833	{4833 -19.3962 [1056, 1539, 1974, 2020, 2114, 2755, 3277, 4810, 5521, 5522]}
4838	{4838 -16.8359 []}
4843	{4843 -19.1519 []}
4848	{4848 -17.8131 []}
4853	{4853 -14.9716 []}
4858	{4858 -13.4358 []}
4863	{4863 -13.4358 []}
4868	{4868 -10.5594 []}
4873	{4873 -14.7310 []}
4878	{4878 -13.2872 []}
4883	{4883 -17.1412 []}
4888	{4888 -16.5284 []}
4893	{4893 -16.9044 []}
4898	{4898 -11.6192 []}
4903	{4903 -17.4792 [2679, 3195, 3822, 4732, 5056, 5559, 5560, 5561, 5562]}
4908	{4908 -14.4473 [424, 5314, 5563, 5564, 5565]}
4913	{4913 -18.4018 []}
4918	{4918 -20.3367 [5577]}
4923	{4923 -12.5326 [5428]}
4928	{4928 -11.7178 []}
4933	{4933 -18.3924 []}
4938	{4938 -16.5023 []}
4943	{4943 -16.5611 []}
4948	{4948 -14.6026 [5583]}
4953	{4953 -10.2014 []}
4958	{4958 -16.2900 []}
4963	{4963 -12.9289 []}
4968	{4968 -18.9690 []}
4973	{4973 -15.1050 [140, 350, 1066, 3417, 4324, 4501, 4752, 5310, 5463, 5521]}
4978	{4978 -15.5033 []}
4983	{4983 -15.7166 []}
4988	{4988 -15.8628 [5, 9, 126, 148, 174, 264, 390, 558, 559]}
4993	{4993 -18.0457 []}
4998	{4998 -17.2098 []}
5003	{5003 -14.4978 [2916, 2964, 2981, 3629, 4247, 5220, 5507, 5591, 5592, 5593]}
5008	{5008 -10.5695 [31, 123, 176, 250, 1317, 1518, 3781, 3934, 4754, 5599]}
5013	{5013 -15.7670 []}
5018	{5018 -14.2337 []}
5023	{5023 -13.0208 []}
5028	{5028 -17.1300 [156, 1037, 1129, 1203, 2752, 3064, 3797, 5353, 5605]}
5033	{5033 -15.3002 []}
5038	{5038 -22.6221 []}
5043	{5043 -18.6155 [2557]}
5048	{5048 -9.5641 [5566]}
5053	{5053 -15.9954 [116, 906, 1250, 1541, 1859, 3114, 3319, 3726, 4189]}
5058	{5058 -16.2712 [85, 153, 919, 1956, 2112, 2410, 2414, 4735, 5196, 5452]}
5063	{5063 -13.6609 [574, 2006, 2375, 2704, 3900, 4114, 5083, 5301, 5475, 5619]}
5068	{5068 -11.4961 []}
5073	{5073 -20.2883 [363, 462, 518, 1047, 2127, 2612, 3083, 4408, 5624, 5625]}
5078	{5078 -16.6897 [531, 605, 810, 813, 924, 1867, 1868, 2677, 3336, 5630]}
5083	{5083 -15.9934 [211, 581, 599, 605, 1486, 1855, 2500, 3251, 3402, 3982]}
5088	{5088 -10.5572 []}
5093	{5093 -14.8590 [2031]}
5098	{5098 -16.6970 []}
5103	{5103 -16.5916 []}
5108	{5108 -15.9487 []}
5113	{5113 -17.0735 [893, 1407, 1590, 1772, 1862, 2269, 3716, 4432, 5291, 5641]}
5118	{5118 -15.3911 []}
5123	{5123 -15.9976 []}
5128	{5128 -11.3148 []}
5133	{5133 -18.4849 []}
5138	{5138 -16.3622 [2383]}
5143	{5143 -15.7205 []}
5148	{5148 -15.1572 []}
5153	{5153 -16.6820 []}
5158	{5158 -17.1601 [4402]}
5163	{5163 -14.3326 [1002, 3595, 3822, 4607, 4628, 4734, 4880, 5036, 5272, 5671]}
5168	{5168 -19.3103 [229, 1039, 1192, 1458, 2127, 2974, 4563, 5678, 5679, 5680]}
5173	{5173 -13.8150 []}
5178	{5178 -18.6339 []}
5183	{5183 -17.3705 [363, 1706, 1711, 2055, 2481, 4436, 4559, 5094, 5494, 5688]}
5188	{5188 -17.3705 []}
5193	{5193 -15.8729 []}
5198	{5198 -15.8729 []}
5203	{5203 -16.1501 []}
5208	{5208 -24.0995 []}
5213	{5213 -15.1672 [253, 2330, 2552, 3883, 5501, 5705, 5706, 5707]}
5218	{5218 -17.2640 []}
5223	{5223 -18.8229 []}
5228	{5228 -14.7229 [136]}
5233	{5233 -18.8746 []}
5238	{5238 -12.8767 [208, 347, 724, 3129, 3823, 4764, 5726, 5727, 5728, 5729]}
5243	{5243 -18.6987 []}
5248	{5248 -18.3151 []}
5253	{5253 -18.3145 [976, 1787, 1809, 2156, 2309, 3185, 4448, 4641, 4793]}
5258	{5258 -18.3145 []}
5263	{5263 -17.1645 [124, 143, 147, 247, 390, 422, 423, 427, 2001]}
5268	{5268 -18.9393 []}
5273	{5273 -15.9615 [680, 1267, 2268, 2465, 5757]}
5278	{5278 -10.8045 []}
5283	{5283 -15.0084 []}
5288	{5288 -19.8392 []}
5293	{5293 -16.4468 []}
5298	{5298 -19.1344 []}
5303	{5303 -12.9806 []}
5308	{5308 -17.9149 []}
5313	{5313 -15.4221 []}
5318	{5318 -25.1483 [346, 1861, 1922, 2353, 2360, 2456, 3190, 3418, 5773, 5774]}
5323	{5323 -16.5751 []}
5328	{5328 -12.9165 []}
5333	{5333 -14.3724 []}
5338	{5338 -9.5642 [4, 122, 143, 180, 252, 266, 368, 369, 427, 754]}
5343	{5343 -17.0681 [946, 2414, 2563, 2780, 3930, 4245, 4675, 5300, 5781, 5782]}
5348	{5348 -15.1603 []}
5353	{5353 -10.5369 []}
5358	{5358 -10.3139 []}
5363	{5363 -18.8431 []}
5368	{5368 -12.5506 []}
5373	{5373 -17.1030 [204, 1049, 1685, 2088, 4013, 4317, 4659, 4909, 5633, 5799]}
5378	{5378 -18.1421 [296, 352, 1358, 3221, 3446, 3519, 5432, 5612, 5800]}
5383	{5383 -17.7998 []}
5388	{5388 -14.5241 []}
5393	{5393 -18.2200 []}
5398	{5398 -18.2163 []}
5403	{5403 -11.3202 []}
5408	{5408 -17.4314 []}
5413	{5413 -17.3065 [1310, 1883, 3621, 4694, 4723, 4727, 5542, 5820, 5821, 5822]}
5418	{5418 -14.7379 [7, 124, 144, 146, 148, 266, 698, 754, 1297, 2803]}
5423	{5423 -13.2898 [285, 582, 707, 1044, 3202, 4368, 4828, 5100, 5442, 5685]}
5428	{5428 -12.6424 []}
5433	{5433 -18.6232 []}
5438	{5438 -13.0311 []}
5443	{5443 -18.5713 [898, 1115, 1227, 3217, 4128, 5823, 5824, 5825, 5826]}
5448	{5448 -15.2051 []}
5453	{5453 -16.2577 []}
5458	{5458 -17.0388 [2719]}
5463	{5463 -12.9869 []}
5468	{5468 -14.3581 []}
5473	{5473 -16.4503 []}
5478	{5478 -17.1330 [122, 123, 145, 148, 238, 353, 424, 697, 736, 2001]}
5483	{5483 -9.0587 []}
5488	{5488 -24.0645 []}
5493	{5493 -18.3536 []}
5498	{5498 -17.5487 [144, 145, 147, 148, 149, 175, 367, 390, 718]}
5503	{5503 -25.7373 []}
5508	{5508 -17.6060 [547, 1301, 2376, 3813, 4067, 4382, 5856, 5857]}
5513	{5513 -19.2797 []}
5518	{5518 -14.5323 []}
5523	{5523 -19.2323 [241]}
5528	{5528 -17.2724 [2716, 4483, 4660, 4771, 4929, 4970, 5863, 5864, 5865]}
5533	{5533 -15.7038 []}
5538	{5538 -Infinity [162, 223, 477, 2345, 3081, 3989, 5058, 5868, 5869, 5870]}
5543	{5543 -17.7819 [123, 146, 249, 264, 352, 369, 422, 423, 427, 2338]}
5548	{5548 -14.8543 [4453, 5012, 5634, 5871, 5872]}
5553	{5553 -16.4451 []}
5558	{5558 -20.0259 []}
5563	{5563 -16.2193 []}
5568	{5568 -14.0843 [894, 1420, 1575, 4368, 4804]}
5573	{5573 -20.8576 []}
5578	{5578 -16.4552 [1511, 1762, 2090, 5580, 5883]}
5583	{5583 -14.7652 []}
5588	{5588 -16.3950 []}
5593	{5593 -16.9060 []}
5598	{5598 -19.8633 []}
5603	{5603 -21.5006 [1094, 1495, 1597, 1608, 1788, 2689, 3053, 4295, 4702, 5895]}
5608	{5608 -17.7653 [65, 311, 612, 2308, 2566, 3539, 5004, 5897, 5898, 5899]}
5613	{5613 -16.1407 [1454, 2191, 3328, 3574, 4885, 5576, 5704, 5784, 5887, 5896]}
5618	{5618 -18.6056 [637, 969, 1039, 1311, 1541, 2444, 2646, 4798, 5904, 5905]}
5623	{5623 -16.5922 [212, 531, 1094, 1665, 2298, 2468, 5378, 5906, 5907, 5908]}
5628	{5628 -13.3252 []}
5633	{5633 -15.9591 []}
5638	{5638 -15.7555 []}
5643	{5643 -19.0107 [5918]}
5648	{5648 -20.9505 []}
5653	{5653 -12.6811 [538, 614, 675, 2481, 4655, 5291, 5601, 5927, 5928, 5929]}
5658	{5658 -19.0417 []}
5663	{5663 -17.5959 []}
5668	{5668 -17.5959 []}
5673	{5673 -25.7311 []}
5678	{5678 -21.7753 []}
5683	{5683 -14.7613 []}
5688	{5688 -15.4493 []}
5693	{5693 -19.7247 []}
5698	{5698 -18.3380 []}
5703	{5703 -16.9598 [789]}
5708	{5708 -26.5642 [5943]}
5713	{5713 -17.1130 []}
5718	{5718 -16.3440 []}
5723	{5723 -17.6106 []}
5728	{5728 -15.3418 []}
5733	{5733 -18.9881 []}
5738	{5738 -22.5957 []}
5743	{5743 -22.5957 []}
5748	{5748 -14.7685 []}
5753	{5753 -20.0089 [244, 835, 1321, 1890, 3446, 4639, 4881, 5368, 5966, 5967]}
5758	{5758 -12.3088 []}
5763	{5763 -13.8800 [2583, 3359, 3797, 3992, 5118, 5719, 5971, 5972]}
5768	{5768 -19.7458 []}
5773	{5773 -27.6129 []}
5778	{5778 -17.7940 []}
5783	{5783 -23.5377 [351, 996, 3249, 5779, 5823, 5976, 5977, 5978, 5979]}
5788	{5788 -15.2322 [1173, 1487, 1544, 3531, 4885, 5546, 5655, 5980, 5981, 5982]}
5793	{5793 -17.1570 [436, 551, 1458, 1509, 2804, 3233, 5837, 5983, 5984, 5985]}
5798	{5798 -17.8223 []}
5803	{5803 -15.4977 []}
5808	{5808 -10.5594 []}
5813	{5813 -17.2030 []}
5818	{5818 -20.9697 []}
5823	{5823 -15.4567 []}
5828	{5828 -18.2295 [122, 246, 264]}
5833	{5833 -19.0902 []}
5838	{5838 -19.9127 []}
5843	{5843 -18.5032 []}
5848	{5848 -21.0948 []}
5853	{5853 -21.0948 []}
5858	{5858 -17.9740 [612]}
5863	{5863 -19.6321 []}
5868	{5868 -11.5033 []}
5873	{5873 -13.7562 []}
5878	{5878 -18.6843 []}
5883	{5883 -18.2271 []}
5888	{5888 -16.8765 []}
5893	{5893 -16.7080 [8, 124, 238, 248, 249, 251, 352, 422, 423, 667]}
5898	{5898 -20.2303 []}
5903	{5903 -20.6851 []}
5908	{5908 -19.0573 []}
5913	{5913 -22.0397 []}
5918	{5918 -19.1730 []}
5923	{5923 -15.5856 []}
5928	{5928 -15.1462 [4, 127, 143, 146, 175, 264, 390, 427, 558]}
5933	{5933 -13.7878 []}
5938	{5938 -16.9660 []}
5943	{5943 -26.7255 []}
5948	{5948 -17.8069 []}
5953	{5953 -16.0551 []}
5958	{5958 -22.1690 []}
5963	{5963 -22.4740 []}
5968	{5968 -23.8070 []}
5973	{5973 -15.0952 []}
5978	{5978 -12.0300 [124, 238, 266, 353, 367, 422, 423, 427, 559, 717]}
5983	{5983 -19.6221 []}
5988	{5988 -16.0320 [5, 9, 126, 175, 180, 252, 266, 368, 3677]}
5993	{5993 -17.9629 []}
5998	{5998 -13.0245 []}
6003	{6003 -22.2366 []}
6008	{6008 -18.2059 []}
6013	{6013 -11.2914 []}
6018	{6018 -23.1237 [443]}
6023	{6023 -21.5338 [78, 350, 1168, 4303, 4423, 5350, 6134, 6135, 6136]}
6028	{6028 -25.9931 []}
6033	{6033 -25.9114 []}
6038	{6038 -17.8261 [50, 190, 1376, 1557, 1689, 2254, 2354, 2414, 2657, 2750]}
6043	{6043 -17.8072 []}
6048	{6048 -17.8072 []}
6053	{6053 -22.6957 []}
6058	{6058 -22.6957 []}
6063	{6063 -21.4172 [255, 275, 456, 527, 1375, 2126, 5216, 5288, 5406, 5556]}
6068	{6068 -23.5782 []}
6073	{6073 -12.0300 []}
6078	{6078 -20.2720 [14, 36, 1100, 1291, 1824, 1859, 2275, 3035, 4813, 6169]}
6083	{6083 -22.9552 []}
6088	{6088 -22.7779 [220, 2181, 2773, 3858, 3989, 5815, 6027, 6099, 6171]}
6093	{6093 -27.6760 [253, 2292, 2445, 3963, 4872, 5269, 6166, 6172, 6173]}
6098	{6098 -18.8607 []}
6103	{6103 -22.0871 []}
6108	{6108 -17.4681 [76, 131, 1023, 1863, 2080, 2127, 3677, 3962, 4260, 6182]}
6113	{6113 -24.5966 []}
6118	{6118 -24.5463 []}
6123	{6123 -25.5892 [523, 524, 1038, 2046, 2821, 3331, 4301, 4383, 5765, 5844]}
6128	{6128 -25.5892 []}
6133	{6133 -20.1487 []}
6138	{6138 -15.4618 [129, 143, 146, 177, 249, 367, 369, 423, 424, 2338]}
6143	{6143 -25.1604 []}
6148	{6148 -25.1604 []}
6153	{6153 -11.2914 []}
6158	{6158 -17.4717 []}
6163	{6163 -17.4717 [491, 744, 851, 2202, 2583, 3089, 3601, 5826, 6041, 6233]}
6168	{6168 -10.3324 []}
6173	{6173 -30.0381 []}
6178	{6178 -22.5459 []}
6183	{6183 -28.0542 []}
6188	{6188 -28.0542 []}
6193	{6193 -27.0614 [1287, 2403, 2868, 3448, 3728, 5101, 5615, 5975, 6246]}
6198	{6198 -24.1477 []}
6203	{6203 -24.1477 []}
6208	{6208 -24.1477 []}
6213	{6213 -24.1477 []}
6218	{6218 -24.1477 []}
6223	{6223 -24.1477 []}
6228	{6228 -24.1477 []}
6233	{6233 -19.9367 []}
6238	{6238 -25.0972 []}
6243	{6243 -25.0858 [3243]}
6248	{6248 -27.0172 []}
6253	{6253 -24.2659 []}
6258	{6258 -27.5620 [1531, 1882, 2500, 2693, 5253, 5514, 5529, 6271, 6272, 6273]}
6263	{6263 -19.1783 []}
6268	{6268 -19.1783 []}
6273	{6273 -30.0255 [1437, 2413, 2984, 3733, 3981, 5911, 6276, 6277, 6278]}
6278	{6278 -32.3913 []}
6283	{6283 -21.4202 []}
6288	{6288 -22.2030 [77, 5097, 5211, 6287, 6296]}
6293	{6293 -17.8501 [117, 274, 788, 1100, 2249, 2635, 3344, 5155, 5685, 6300]}
6298	{6298 -26.3349 []}
