4	{4 -3.2704 [144, 258, 491, 1021, 1418, 1669, 1900, 1901, 1902, 1903]}
9	{9 -6.6136 [124, 147, 177, 246, 247, 248, 249, 250, 251, 252]}
14	{14 -15.8852 [809]}
19	{19 -17.5078 []}
24	{24 -Infinity []}
29	{29 -13.9081 [962, 1656, 2201]}
34	{34 -15.1656 []}
39	{39 -14.1918 [614, 1378, 1922, 1923, 1924, 1925, 1926, 1927, 1928, 1929]}
44	{44 -Infinity [45, 46, 47, 48, 49, 50, 51, 52, 53, 54]}
49	{49 -11.5563 [101, 338, 2366, 2893, 3065, 3593, 3840, 3998, 3999]}
54	{54 -15.4892 []}
59	{59 -12.3309 []}
64	{64 -8.9723 [91, 102, 106, 1946, 1947, 1948, 1949, 1950, 1951, 1952]}
69	{69 -13.5228 []}
74	{74 -Infinity []}
79	{79 -15.5853 []}
84	{84 -17.1034 []}
89	{89 -18.0827 [211, 914, 1476, 1776, 1906, 1976, 2010, 2011, 2012, 2013]}
94	{94 -13.0804 []}
99	{99 -15.9487 []}
104	{104 -19.4975 [2025]}
109	{109 -Infinity [110, 111, 112, 113, 114, 115, 116, 117, 118, 119]}
114	{114 -8.9743 []}
119	{119 -5.7121 []}
124	{124 -7.2787 [122, 123, 145, 147, 176, 248, 390, 762, 2063, 2064]}
129	{129 -7.5622 [133, 219, 778, 864, 2078, 2079, 2080, 2081, 2082, 2083]}
134	{134 -11.7508 []}
139	{139 -19.1191 []}
144	{144 -5.5021 [8, 121, 122, 125, 146, 246, 249, 264, 367]}
149	{149 -6.6783 [5, 10, 128, 148, 238, 250, 252, 265, 353, 1317]}
154	{154 -15.1246 []}
159	{159 -13.3755 []}
164	{164 -12.9792 []}
169	{169 -14.8822 [818, 872, 1264, 1539, 2116, 2117, 2118, 2119, 2120, 2121]}
174	{174 -8.1213 [3, 5, 7, 122, 126, 142, 145, 249, 427, 667]}
179	{179 -5.6654 [4, 9, 17, 31, 123, 125, 250, 559, 2018]}
184	{184 -11.8499 []}
189	{189 -19.3708 []}
194	{194 -Infinity [86, 139, 1020, 2135, 2136, 2137, 2138, 2139, 2140, 2141]}
199	{199 -13.7563 []}
204	{204 -18.0397 []}
209	{209 -14.9327 [976, 1903, 1940, 2103, 2429, 2430, 2431, 2432]}
214	{214 -14.2743 []}
219	{219 -9.3440 []}
224	{224 -10.8081 []}
229	{229 -13.2608 [840, 1123, 1194, 1726, 2217, 2218, 2219, 2220, 2221, 2222]}
234	{234 -13.4020 []}
239	{239 -Infinity []}
244	{244 -15.5070 [338, 612, 1264, 1284, 2197, 2198, 2199, 2200, 2201, 2202]}
249	{249 -4.7671 [123, 250, 251, 351, 753, 755, 762, 983]}
254	{254 -11.8281 []}
259	{259 -11.8281 []}
264	{264 -3.1746 [249, 697, 1787, 2193, 2194, 2224, 2225, 2226, 2227, 2228]}
269	{269 -15.2800 []}
274	{274 -14.6251 []}
279	{279 -13.4032 [8, 280, 281, 282, 283, 284, 285, 286, 287, 288]}
284	{284 -15.8683 [32, 503, 1699, 1789, 2237, 2238, 2239, 2240, 2241, 2242]}
289	{289 -12.5160 [290, 291, 292, 293, 294, 295, 296, 297, 298, 299]}
294	{294 -14.2055 []}
299	{299 -14.9811 [175, 378, 443, 774, 1573, 1704, 2035, 2250, 2251, 2252]}
304	{304 -22.7136 []}
309	{309 -11.1345 []}
314	{314 -17.1498 [121, 147, 177, 248, 249, 252, 264, 266, 423, 1245]}
319	{319 -Infinity []}
324	{324 -11.5883 [568]}
329	{329 -14.9168 []}
334	{334 -13.9462 [268, 376, 843, 1587, 1888, 2053, 2285, 2286, 2287]}
339	{339 -14.0265 [4, 5, 7, 148, 264, 364, 559, 1317, 1755, 2278]}
344	{344 -11.3594 [881]}
349	{349 -18.8256 [473, 855, 946, 1716, 2296, 2297, 2298, 2299, 2300]}
354	{354 -9.4311 []}
359	{359 -9.4395 [520, 633, 1334, 1451, 2332, 2333, 2334, 2335, 2336, 2337]}
364	{364 -13.7523 []}
369	{369 -6.9611 [9, 145, 174, 246, 264, 266, 422, 559, 666]}
374	{374 -15.9200 []}
379	{379 -15.9135 [2373]}
384	{384 -16.0293 []}
389	{389 -15.3204 [693, 882, 951, 1383, 1538, 1792, 2271, 2357, 2358, 2359]}
394	{394 -9.1713 []}
399	{399 -Infinity [400, 401, 402, 403, 404, 405, 406, 407, 408, 409]}
404	{404 -12.5086 []}
409	{409 -18.0563 [3, 146, 147, 175, 247, 248, 266, 368, 422, 2018]}
414	{414 -14.4988 []}
419	{419 -21.6356 []}
424	{424 -5.5637 [940, 960, 2409, 2410, 2411, 2412, 2413, 2414, 2415]}
429	{429 -11.2708 []}
434	{434 -12.8201 [4, 5, 7, 127, 145, 148, 266, 559, 1317, 2018]}
439	{439 -Infinity [440, 441, 442, 443, 444, 445, 446, 447, 448, 449]}
444	{444 -Infinity []}
449	{449 -14.0677 [4, 126, 129, 145, 147, 238, 266, 368, 1246]}
454	{454 -16.0903 []}
459	{459 -9.6976 []}
464	{464 -7.9940 []}
469	{469 -14.2231 [41, 102, 470, 471, 472, 473, 474, 475, 476, 477]}
474	{474 -15.9920 []}
479	{479 -15.8805 [2452, 2453, 2454, 2455, 2456, 2457, 2458, 2459, 2460, 2461]}
484	{484 -15.0853 [337, 532, 786, 1352, 1764, 2493, 2494, 2495, 2496, 2497]}
489	{489 -16.4164 [224, 490, 491, 492, 493, 494, 495, 496, 497, 498]}
494	{494 -12.3664 [658, 892, 924, 1372, 1787, 2475, 2476, 2477, 2478, 2479]}
499	{499 -22.0912 [71, 466, 500, 501, 502, 503, 504, 505, 506, 507]}
504	{504 -15.1571 [3, 123, 125, 146, 264, 352, 353, 427, 1245, 1246]}
509	{509 -16.2621 [14, 193, 363, 503, 828, 840, 2447, 2488, 2489, 2490]}
514	{514 -16.0115 []}
519	{519 -Infinity []}
524	{524 -15.4202 []}
529	{529 -12.2942 []}
534	{534 -11.3758 []}
539	{539 -Infinity []}
544	{544 -26.5642 [522, 2505, 2506, 2507, 2508, 2509, 2510, 2511, 2512, 2513]}
549	{549 -7.9977 []}
554	{554 -9.7283 [1547, 2148, 2472, 3141, 3283, 3312, 4477, 4515, 4516]}
559	{559 -3.2473 [119, 756, 759, 818, 819, 820, 821, 822, 823, 824]}
564	{564 -16.1400 []}
569	{569 -16.1484 []}
574	{574 -10.5167 [31, 125, 175, 179, 180, 250, 266, 390, 424]}
579	{579 -15.5469 [231, 893, 1476, 1629, 1682, 2529, 2530, 2531, 2532, 2533]}
584	{584 -9.9200 [585, 586, 587]}
589	{589 -21.4961 []}
594	{594 -21.4961 []}
599	{599 -18.4585 [437, 564, 581, 600, 601, 602, 603, 604, 605, 606]}
604	{604 -8.1009 []}
609	{609 -12.6047 []}
614	{614 -12.7015 []}
619	{619 -15.2931 []}
624	{624 -21.3082 []}
629	{629 -7.9156 [323, 336, 1067, 1426, 1427, 1428, 1429, 1430, 1431, 1432]}
634	{634 -17.6837 [308, 503, 717, 2941, 2968, 3112, 5880, 6131, 6132, 6133]}
639	{639 -Infinity []}
644	{644 -Infinity [645]}
649	{649 -9.9611 []}
654	{654 -14.1219 [798, 1023, 1365, 2475, 2516, 2559, 2568, 2569, 2570, 2571]}
659	{659 -10.5181 [123, 143, 667, 1084, 1814, 1870, 2244, 2295, 2576, 2577]}
664	{664 -13.5612 []}
669	{669 -13.9025 []}
674	{674 -14.1973 []}
679	{679 -15.0373 [270, 680, 681, 682, 683, 684, 685, 686, 687, 688]}
684	{684 -8.1834 [93, 1376, 1955, 2227, 2300, 2421, 2630, 2631, 2632, 2633]}
689	{689 -15.7000 [609, 690, 691, 692, 693]}
694	{694 -11.7344 [174, 175, 265, 351, 695, 696, 697, 698, 699, 700]}
699	{699 -12.3602 [529, 693, 1027, 1653, 1702, 2289, 2546, 2611, 2612, 2613]}
704	{704 -21.8181 [612, 702, 851, 1531, 1539, 2621, 2622, 2623, 2624]}
709	{709 -16.5169 [200, 205, 541, 552, 710, 711, 712, 713, 714, 715]}
714	{714 -12.1095 []}
719	{719 -Infinity [479, 720, 721, 722, 723, 724, 725, 726, 727]}
724	{724 -15.3418 [152, 215, 725, 1313, 1424, 1434, 2443, 2653, 2654]}
729	{729 -18.6993 []}
734	{734 -18.6993 [623, 893, 1412, 1734, 2015, 2582, 2631, 2684, 2685, 2686]}
739	{739 -13.5020 [1380, 1609, 2664, 2665, 2666]}
744	{744 -15.6514 []}
749	{749 -16.0681 []}
754	{754 -5.3385 []}
759	{759 -5.6306 [77, 464, 568, 1454, 2707, 2708, 2709, 2710, 2711, 2712]}
764	{764 -11.2903 [765, 766, 767, 768, 769, 770, 771, 772, 773, 774]}
769	{769 -12.2847 [1024, 1335, 2547, 2579, 2670, 2700, 2701, 2702, 2703, 2704]}
774	{774 -13.2493 []}
779	{779 -14.4193 []}
784	{784 -15.0541 []}
789	{789 -15.1475 []}
794	{794 -16.0750 []}
799	{799 -12.8150 []}
804	{804 -8.7914 [778, 805, 806, 807, 808, 809, 810, 811, 812, 813 ... (4 more) ]}
809	{809 -11.5717 []}
814	{814 -10.8172 []}
819	{819 -5.7122 []}
824	{824 -5.7123 []}
829	{829 -15.5239 []}
834	{834 -15.5710 []}
839	{839 -16.4971 []}
844	{844 -14.2096 []}
849	{849 -13.7289 []}
854	{854 -16.6510 []}
859	{859 -12.3603 [671, 860, 861, 862, 863, 864, 865, 866, 867, 868]}
864	{864 -9.9323 [198, 290, 837, 894, 1333, 2517, 2744, 2745, 2746, 2747]}
869	{869 -12.6693 [586, 833, 1195, 1367, 1762, 2354, 2380, 2753, 2754, 2755]}
874	{874 -12.6898 [149, 177, 307, 652, 1003, 1022, 1655, 2495, 2761, 2762]}
879	{879 -14.9340 []}
884	{884 -10.5491 []}
889	{889 -8.0708 [2547, 2951]}
894	{894 -8.1543 []}
899	{899 -Infinity []}
904	{904 -14.6106 [492, 749, 1790, 2737, 2791, 2792, 2793, 2794, 2795, 2796]}
909	{909 -11.2348 [124, 127, 175, 180, 251, 367, 368, 390, 718]}
914	{914 -9.3409 [2042]}
919	{919 -9.0268 [121, 122, 123, 126, 145, 149, 180, 250, 559]}
924	{924 -9.3441 [5, 7, 122, 123, 149, 176, 179, 249, 264, 717]}
929	{929 -Infinity [335, 930, 931, 932, 933, 934, 935, 936, 937]}
934	{934 -Infinity []}
939	{939 -14.6320 []}
944	{944 -10.1171 []}
949	{949 -Infinity [1028, 1661, 2697, 2829, 2830, 2831, 2832, 2833, 2834, 2835]}
954	{954 -19.0660 []}
959	{959 -16.3540 []}
964	{964 -Infinity [364, 697, 2213, 2844, 2845, 2846, 2847, 2848, 2849, 2850]}
969	{969 -9.4569 []}
974	{974 -13.5855 []}
979	{979 -11.6289 [35, 119, 612, 762, 866, 1023, 1318, 1319, 1320, 1321]}
984	{984 -13.6486 [257, 440, 859, 985, 986, 987, 988, 989, 990, 991]}
989	{989 -12.4276 [8, 49, 53, 108, 751, 756, 986, 990, 991, 1047 ... (15 more) ]}
994	{994 -Infinity [995]}
999	{999 -Infinity [716, 1000, 1001, 1002, 1003, 1004, 1005, 1006, 1007, 1008]}
1004	{1004 -11.7636 [106, 693, 1591, 1760, 2212, 2552, 2903, 2904, 2905, 2906]}
1009	{1009 -17.0311 [77, 784, 1010, 1011, 1012, 1013, 1014, 1015, 1016, 1017]}
1014	{1014 -19.4962 []}
1019	{1019 -13.9678 [551, 898, 945, 1533, 2018, 2926, 2927, 2928, 2929, 2930]}
1024	{1024 -13.6230 []}
1029	{1029 -12.2774 [121, 122, 125, 127, 147, 249, 251, 367, 718, 2098]}
1034	{1034 -14.0831 []}
1039	{1039 -10.5280 [1176, 1651, 1956, 2271, 2787, 2955, 2956, 2957, 2958]}
1044	{1044 -12.6633 []}
1049	{1049 -13.9481 []}
1054	{1054 -8.0970 []}
1059	{1059 -12.5325 [3, 8, 121, 125, 128, 174, 179, 247, 424, 717]}
1064	{1064 -8.5230 []}
1069	{1069 -8.0157 []}
1074	{1074 -8.0157 []}
1079	{1079 -19.5690 []}
1084	{1084 -12.8345 [49, 184, 505, 725, 1085, 1086, 1087, 1088, 1089, 1090]}
1089	{1089 -13.4850 [96, 727, 944, 1313, 2523, 2872, 3109]}
1094	{1094 -16.1143 [121, 124, 127, 128, 144, 145, 174, 179, 247, 1246]}
1099	{1099 -Infinity []}
1104	{1104 -19.2133 []}
1109	{1109 -17.3142 []}
1114	{1114 -21.2157 []}
1119	{1119 -Infinity []}
1124	{1124 -16.8963 [360, 1061, 1064, 1125, 1126, 1127, 1128, 1129, 1130, 1131 ... (2 more) ]}
1129	{1129 -8.0143 [5, 7, 145, 248, 353, 426, 629, 753, 2077, 3002]}
1134	{1134 -14.5648 [164]}
1139	{1139 -15.7359 [83, 229, 645, 2359, 3009, 3010, 3011, 3012, 3013, 3014]}
1144	{1144 -13.8788 [17, 31, 126, 143, 144, 145, 149, 266, 422, 754]}
1149	{1149 -17.2404 []}
1154	{1154 -15.2875 [538, 738, 744, 921, 1155, 1156, 1157, 1158, 1159, 1160]}
1159	{1159 -17.7526 []}
1164	{1164 -15.5447 []}
1169	{1169 -11.9811 []}
1174	{1174 -19.9040 [1178, 1233, 1439, 1491, 1946, 3050, 3051, 3052, 3053]}
1179	{1179 -12.9708 []}
1184	{1184 -10.5597 [2259]}
1189	{1189 -Infinity [3054]}
1194	{1194 -12.3921 []}
1199	{1199 -10.4169 [3, 121, 123, 125, 127, 128, 238, 264, 390, 426]}
1204	{1204 -Infinity [1097, 1322, 2887, 3098, 3099, 3100, 3101, 3102, 3103, 3104]}
1209	{1209 -14.2749 [325, 583, 1210, 1211, 1212, 1213, 1214, 1215, 1216, 1217]}
1214	{1214 -16.5118 []}
1219	{1219 -10.3121 []}
1224	{1224 -8.1766 []}
1229	{1229 -17.1369 [1916, 2140, 2949, 2984, 3084, 3085, 3086, 3087, 3088]}
1234	{1234 -17.8081 [228, 342, 1023, 2093, 2612, 2678, 2871, 3095, 3096, 3097]}
1239	{1239 -13.3413 []}
1244	{1244 -Infinity []}
1249	{1249 -10.5269 []}
1254	{1254 -19.2786 [813, 1890, 2207, 2997, 3007]}
1259	{1259 -13.9236 [5, 126, 148, 149, 174, 176, 249, 251, 265, 352]}
1264	{1264 -8.1727 []}
1269	{1269 -15.6097 []}
1274	{1274 -14.9688 []}
1279	{1279 -15.3157 [1227, 1787, 1993, 2626, 3017, 3128, 3129, 3130, 3131, 3132]}
1284	{1284 -15.3289 [148, 174, 266, 368, 369, 423, 427, 559, 1245, 1317]}
1289	{1289 -13.9265 [1043, 1916, 2944, 2966, 3142, 3143, 3144, 3145, 3146]}
1294	{1294 -Infinity [148, 369, 438, 690, 1069, 1295, 1296, 1297, 1298, 1299]}
1299	{1299 -15.4472 []}
1304	{1304 -14.0793 []}
1309	{1309 -15.8960 []}
1314	{1314 -Infinity []}
1319	{1319 -14.0940 [121, 147, 248, 252, 264, 390, 423, 559, 667, 1245]}
1324	{1324 -8.1729 []}
1329	{1329 -13.1219 []}
1334	{1334 -10.9885 []}
1339	{1339 -12.1243 [377]}
1344	{1344 -19.5690 [1219, 1288, 1309, 2650, 2744, 2966, 3018, 3184, 3185, 3186]}
1349	{1349 -8.9522 []}
1354	{1354 -14.4545 [163, 1642, 1741, 2134, 2329, 2683, 2880, 3202, 3203]}
1359	{1359 -12.0453 [626, 913, 1741, 1958, 1980, 2194, 2617, 3206, 3207, 3208]}
1364	{1364 -14.9211 []}
1369	{1369 -15.4910 [256, 308, 860, 1457, 1767, 1817, 3219, 3220, 3221, 3222]}
1374	{1374 -8.0963 []}
1379	{1379 -21.6434 [602, 1274, 1380, 1381, 1382, 1383, 1384, 1385, 1386, 1387]}
1384	{1384 -17.0730 []}
1389	{1389 -8.9744 [143, 732, 1390, 1391, 1392, 1393, 1394, 1395, 1396, 1397]}
1394	{1394 -9.6894 [9, 126, 129, 177, 248, 266, 353, 754, 1317, 2018]}
1399	{1399 -Infinity [387, 416, 765, 806, 3242, 3243, 3244, 3245, 3246, 3247]}
1404	{1404 -20.2104 [228, 2429, 2477, 2755, 3274, 3275, 3276, 3277, 3278, 3279]}
1409	{1409 -12.6042 [5, 127, 148, 183, 252, 264, 559, 666, 1317]}
1414	{1414 -11.2375 [9, 17, 31, 126, 180, 266, 424, 666, 697, 2018]}
1419	{1419 -15.5431 [740, 1085, 1131, 1271, 1420, 1421, 1422, 1423, 1424, 1425]}
1424	{1424 -12.9067 [200, 621, 2261, 2858, 3282, 3283, 3284, 3285, 3286, 3287]}
1429	{1429 -10.3547 [336, 1546, 2203, 2319, 2405, 3266, 3295, 3296, 3297]}
1434	{1434 -12.3039 [78, 309, 762, 891, 1019, 1317, 1435, 1436, 1437, 1438]}
1439	{1439 -16.3075 []}
1444	{1444 -13.0853 [5490, 5491]}
1449	{1449 -Infinity []}
1454	{1454 -8.0845 [3, 629, 691, 937, 1989, 2089, 3232, 3307, 3308, 3309]}
1459	{1459 -10.5124 [554, 910, 1179, 1275, 1491, 1511, 2494, 3310, 3311, 3312]}
1464	{1464 -Infinity []}
1469	{1469 -Infinity []}
1474	{1474 -Infinity [158]}
1479	{1479 -Infinity []}
1484	{1484 -25.4404 [1581, 2071, 2516, 2532, 3079, 3200, 3323, 3324, 3325]}
1489	{1489 -10.9796 []}
1494	{1494 -Infinity [5, 7, 125, 144, 149, 174, 179, 424, 559, 667]}
1499	{1499 -Infinity []}
1504	{1504 -12.5249 [127, 128, 179, 249, 353, 424, 426, 1354, 3326, 3327]}
1509	{1509 -11.4365 []}
1514	{1514 -17.7870 []}
1519	{1519 -13.1971 [561, 725, 756, 982, 1061, 1120, 1422, 3348, 3349, 3350]}
1524	{1524 -10.9681 []}
1529	{1529 -13.8640 [541, 892, 1385, 2347, 2854, 2886, 3330, 3331, 3332, 3333]}
1534	{1534 -5.7193 [303, 424, 771, 804, 1457, 2288, 3170, 3282, 4172, 4301 ... (9 more) ]}
1539	{1539 -13.6772 []}
1544	{1544 -12.1278 [3337, 3338, 3339, 3340]}
1549	{1549 -14.9226 [130, 1009, 1629, 2230, 2587, 2673, 3341]}
1554	{1554 -14.3266 []}
1559	{1559 -14.1803 [144, 145, 147, 251, 252, 264, 266, 368, 667]}
1564	{1564 -12.3352 [3, 127, 144, 146, 149, 176, 177, 238, 247, 367]}
1569	{1569 -12.8029 [65, 373, 1153, 1570, 1571, 1572, 1573, 1574, 1575, 1576]}
1574	{1574 -7.9982 []}
1579	{1579 -Infinity [391, 602, 1240, 1246, 1385, 1580, 1581, 1582, 1583]}
1584	{1584 -14.1385 [1036]}
1589	{1589 -7.8995 [156, 1056, 1203, 1327, 2304, 3364, 3365, 3366, 3367, 3368]}
1594	{1594 -18.9368 [1595]}
1599	{1599 -17.0333 []}
1604	{1604 -16.4915 []}
1609	{1609 -12.8765 []}
1614	{1614 -17.0849 []}
1619	{1619 -17.7804 []}
1624	{1624 -15.2504 []}
1629	{1629 -16.7126 []}
1634	{1634 -22.1721 []}
1639	{1639 -22.1721 []}
1644	{1644 -8.9678 [424, 823, 1414, 2040, 2125, 2399, 2880, 3162, 3394, 3395]}
1649	{1649 -Infinity [297, 324, 1044, 1157, 2793, 3396, 3397, 3398]}
1654	{1654 -14.8337 [997, 1023, 2552, 2825, 2876, 3282, 3404, 3405, 3406, 3407]}
1659	{1659 -12.8478 [143, 522, 1791, 2285, 2349, 2862, 3121, 3175, 3300, 3412]}
1664	{1664 -14.0614 []}
1669	{1669 -5.7354 [1573, 3023, 3216, 3413, 3414, 3415, 3416, 3417, 3418]}
1674	{1674 -Infinity [513, 1587, 1675, 1676, 1677, 1678, 1679, 1680, 1681, 1682]}
1679	{1679 -17.1835 []}
1684	{1684 -Infinity []}
1689	{1689 -13.5329 []}
1694	{1694 -16.1304 [246, 942, 3032, 3443, 3444, 3445, 3446, 3447]}
1699	{1699 -10.4857 [813, 1064, 2207, 3241, 3463, 3464, 3465, 3466, 3467]}
1704	{1704 -13.2269 [9, 121, 126, 149, 176, 352, 423, 424, 427, 667]}
1709	{1709 -12.9062 [248, 587, 1306, 1476, 1509, 1591, 2291, 2429, 3007, 3459]}
1714	{1714 -15.2684 [824, 1034, 1037, 1715, 1716, 1717, 1718, 1719, 1720, 1721]}
1719	{1719 -15.0931 []}
1724	{1724 -12.3408 [493, 837, 1677, 1726, 2038, 3275, 3487, 3488, 3489, 3490]}
1729	{1729 -18.8842 [23, 1058, 1594, 1647, 1679, 1730, 1731, 1732, 1733, 1734]}
1734	{1734 -15.5895 [157, 351, 554, 814, 1137, 1808, 2870, 3566, 5176]}
1739	{1739 -18.1146 [3, 123, 125, 179, 251, 352, 353, 369, 427, 1317]}
1744	{1744 -11.7907 []}
1749	{1749 -13.7729 [863, 1094, 1555, 2722, 2743, 2996, 3506, 3507, 3508, 3509]}
1754	{1754 -15.0258 []}
1759	{1759 -Infinity []}
1764	{1764 -14.4381 []}
1769	{1769 -17.9558 []}
1774	{1774 -17.9558 []}
1779	{1779 -14.5043 []}
1784	{1784 -13.6624 [3, 4, 122, 143, 422, 423, 427, 666, 667]}
1789	{1789 -15.2664 []}
1794	{1794 -17.1880 [271, 458, 818, 1250, 1538, 1766, 1795, 1796, 1797, 1798]}
1799	{1799 -15.6096 [554, 655, 661, 853, 1026, 1800, 1801, 1802, 1803, 1804]}
1804	{1804 -14.9840 []}
1809	{1809 -13.4872 []}
1814	{1814 -12.4215 [442, 1328, 1817, 2193, 3204, 3546, 3547, 3548, 3549, 3550]}
1819	{1819 -19.0378 [996, 1492, 2486, 2869, 3327, 3563, 3564, 3565, 3566, 3567]}
1824	{1824 -14.0755 []}
1829	{1829 -11.9081 []}
1834	{1834 -Infinity [224, 275, 1287, 1835, 1836, 1837, 1838, 1839, 1840]}
1839	{1839 -Infinity [53, 222, 818, 2359, 2377, 2683, 2767, 3590, 3591, 3592]}
1844	{1844 -19.3832 [50, 586, 1064, 1528, 2221, 3585, 3586, 3587, 3588, 3589]}
1849	{1849 -11.2905 []}
1854	{1854 -12.4699 [575, 1290, 1291, 1731, 2049, 2394, 3599, 3602, 3603, 3604]}
1859	{1859 -13.7779 [23, 56, 125, 1137, 3093, 3605, 3606, 3607, 3608]}
1864	{1864 -Infinity [58, 924, 1297, 1606, 1608, 1865, 1866, 1867, 1868, 1869]}
1869	{1869 -Infinity []}
1874	{1874 -15.4483 []}
1879	{1879 -Infinity []}
1884	{1884 -Infinity [122, 123, 124, 125, 127, 128, 129, 144, 264, 427]}
1889	{1889 -15.4712 [58, 351, 829, 832, 835, 1306, 1327, 3636, 3637, 3638]}
1894	{1894 -12.0721 []}
1899	{1899 -9.3507 []}
1904	{1904 -9.8218 [7, 129, 144, 149, 174, 247, 248, 252, 353]}
1909	{1909 -12.4767 []}
1914	{1914 -16.0317 []}
1919	{1919 -12.6862 []}
1924	{1924 -16.6569 [524, 2451, 2908, 3051, 3219, 3867]}
1929	{1929 -14.5425 [126, 128, 145, 149, 174, 177, 179, 266, 2001, 2018]}
1934	{1934 -12.9917 [4, 5, 144, 145, 175, 367, 390, 559, 718]}
1939	{1939 -12.8240 [840]}
1944	{1944 -15.0129 []}
1949	{1949 -11.4336 []}
1954	{1954 -8.0765 []}
1959	{1959 -12.4679 []}
1964	{1964 -17.7552 []}
1969	{1969 -14.0287 [1541, 1548, 2878, 3179, 3519, 3549, 3754, 3755, 3756, 3757]}
1974	{1974 -13.6207 [694, 1590, 2368, 3050, 3530, 3744, 3745, 3746, 3747, 3748]}
1979	{1979 -11.8585 []}
1984	{1984 -14.3241 [255, 361, 2113, 2721, 3554]}
1989	{1989 -10.5243 [848, 1792, 1845, 2354, 5177]}
1994	{1994 -10.5506 [664, 788, 1022, 1195, 1371, 1688, 1762, 1954, 2001, 2226 ... (14 more) ]}
1999	{1999 -15.9558 [209, 924, 1199, 1297, 1606, 1608, 1867, 1868, 3336, 3769]}
2004	{2004 -15.2637 []}
2009	{2009 -17.1999 []}
2014	{2014 -10.6815 [21, 2304, 3038, 3052, 3377, 3574, 3790, 3791, 3792, 3793]}
2019	{2019 -13.6318 []}
2024	{2024 -13.3054 [29, 53, 56, 1034, 1230, 1556, 3489, 3794, 3795, 3796]}
2029	{2029 -13.9303 []}
2034	{2034 -7.8971 []}
2039	{2039 -11.3499 [348, 1033, 3465, 4438, 5170, 5171, 5172, 5173, 5174, 5175]}
2044	{2044 -16.0772 []}
2049	{2049 -13.3565 [740, 1299, 2684, 2768, 2903, 3004, 3039, 3814, 3815, 3816]}
2054	{2054 -10.4322 []}
2059	{2059 -8.6595 []}
2064	{2064 -5.6093 []}
2069	{2069 -12.8971 [347, 1840, 2051, 2658, 3357, 3463, 3637, 3988, 3989, 3990]}
2074	{2074 -9.2840 []}
2079	{2079 -10.0269 [295, 864, 1029, 1850, 2114, 3228, 3851, 3852, 3853, 3854]}
2084	{2084 -12.4312 [3, 8, 128, 176, 238, 247, 266, 390, 424, 856]}
2089	{2089 -10.2983 []}
2094	{2094 -15.0391 [629, 685, 2317, 2494, 2540, 2776, 3594, 3859, 3860, 3861]}
2099	{2099 -13.7857 []}
2104	{2104 -15.3116 []}
2109	{2109 -17.5897 []}
2114	{2114 -10.3378 [979, 1569, 1581, 1637, 1770, 1873, 2409, 2449, 2547, 3779]}
2119	{2119 -12.5797 []}
2124	{2124 -12.8197 []}
2129	{2129 -15.7304 []}
2134	{2134 -10.9886 [710, 712, 2847, 3166, 3410, 3756, 3863, 3883, 3884, 3885]}
2139	{2139 -12.9969 []}
2144	{2144 -20.8294 []}
2149	{2149 -11.2428 []}
2154	{2154 -16.3479 []}
2159	{2159 -15.5836 []}
2164	{2164 -15.0811 [57, 453, 851, 1049, 2423, 2648, 2669, 2906, 3468, 3906]}
2169	{2169 -12.1766 []}
2174	{2174 -21.2157 [1144]}
2179	{2179 -10.3335 []}
2184	{2184 -11.0048 [3923, 3924, 3925, 3926, 3927]}
2189	{2189 -11.4196 []}
2194	{2194 -5.6385 []}
2199	{2199 -14.7091 [322, 412, 527, 2940, 3593, 3697, 3919, 3920, 3921, 3922]}
2204	{2204 -13.9951 []}
2209	{2209 -8.5563 []}
2214	{2214 -7.7880 []}
2219	{2219 -11.7330 []}
2224	{2224 -5.6397 [122, 127, 175, 249, 266, 367, 390, 423, 697]}
2229	{2229 -11.6935 []}
2234	{2234 -13.7735 []}
2239	{2239 -18.3334 []}
2244	{2244 -12.8836 [532, 1219, 1354, 1776, 1842, 2650, 2995, 3943, 3944, 3945]}
2249	{2249 -15.1054 []}
2254	{2254 -9.8901 []}
2259	{2259 -10.7216 []}
2264	{2264 -12.8681 []}
2269	{2269 -13.5854 [738, 2500, 3798, 3855, 3952, 3953, 3954, 3955, 3956, 3957]}
2274	{2274 -10.6154 []}
2279	{2279 -11.7472 [401, 1273, 1337, 1587, 1797, 3397, 3964, 3965, 3966, 3967]}
2284	{2284 -11.7636 [4105]}
2289	{2289 -13.4588 []}
2294	{2294 -15.7755 []}
2299	{2299 -15.2438 [424, 2127, 2330, 2898, 2907, 2911, 3991, 3992, 3993, 3994]}
2304	{2304 -10.2288 [1327, 1347, 2189]}
2309	{2309 -11.8372 [1333, 2017, 2138, 2667, 3124, 3841, 4004, 4005, 4006, 4007]}
2314	{2314 -11.8675 [750, 2067, 2950, 3097, 4172, 4373, 5162, 5163, 5164, 5165]}
2319	{2319 -11.8443 []}
2324	{2324 -10.1641 [240, 566, 810, 968, 1245, 3230, 3257, 3475, 3538, 3752]}
2329	{2329 -15.9345 [103, 1631, 2114, 3283, 3329, 3466, 4027, 4028, 4029]}
2334	{2334 -11.7741 []}
2339	{2339 -17.2018 []}
2344	{2344 -10.4235 []}
2349	{2349 -13.9634 []}
2354	{2354 -11.7471 []}
2359	{2359 -14.5395 []}
2364	{2364 -15.4935 [1999, 4050, 4051, 4052]}
2369	{2369 -15.9579 []}
2374	{2374 -11.6356 [5, 125, 129, 145, 247, 249, 367, 424, 427, 1317]}
2379	{2379 -11.6364 []}
2384	{2384 -10.1654 [187, 503, 1797, 2350, 2420, 2563, 4069, 4070, 4071]}
2389	{2389 -15.9137 []}
2394	{2394 -10.9332 []}
2399	{2399 -10.4573 [59, 730, 1904, 2395, 2398, 2551, 3328, 3921, 4085, 4086]}
2404	{2404 -9.9970 []}
2409	{2409 -7.9158 []}
2414	{2414 -7.2161 []}
2419	{2419 -16.1339 []}
2424	{2424 -12.4924 [8, 63, 1691, 1901, 1956, 2231, 2838, 2842]}
2429	{2429 -13.5400 []}
2434	{2434 -16.8670 []}
2439	{2439 -14.8384 []}
2444	{2444 -16.9821 [478, 2288, 2420, 2657, 2690, 3698, 3700, 4102, 4103, 4104]}
2449	{2449 -12.5538 []}
2454	{2454 -18.3456 [586]}
2459	{2459 -18.3456 [215, 856, 960, 1103, 1152, 1402, 1709, 3165, 3866, 4109]}
2464	{2464 -13.0561 [182, 652, 892, 1988, 2448, 2982, 4116, 4117, 4118, 4119]}
2469	{2469 -15.3667 []}
2474	{2474 -12.2943 [330, 534, 970, 1511, 1764, 1845, 2300, 5449, 5450]}
2479	{2479 -14.4256 []}
2484	{2484 -19.1533 []}
2489	{2489 -12.8893 [2661]}
2494	{2494 -11.8055 [1433, 1978, 2032, 3530, 4129]}
2499	{2499 -13.8609 []}
2504	{2504 -13.1428 [894, 1248, 2653, 3555, 3775, 4131, 4132, 4133, 4134, 4135]}
2509	{2509 -29.0281 []}
2514	{2514 -17.0896 []}
2519	{2519 -12.4107 []}
2524	{2524 -10.2231 [38, 103, 289, 1252, 2551, 2764, 3114, 3926, 5653, 5840]}
2529	{2529 -14.5323 [11, 1904, 2061, 3080, 3487, 3849, 4263, 4980, 5159, 5600]}
2534	{2534 -13.6114 []}
2539	{2539 -16.4352 []}
2544	{2544 -10.5554 [8, 282, 837, 1048, 2086, 3032, 4163, 4164, 4165]}
2549	{2549 -17.4876 [5, 126, 148, 149, 179, 180, 266, 754, 1245, 2018]}
2554	{2554 -13.6682 [534, 1400, 2843, 3684, 3781, 4166, 4167, 4168, 4169]}
2559	{2559 -16.2761 [43, 788, 2069, 4170, 4171]}
2564	{2564 -18.2641 []}
2569	{2569 -13.3675 [79, 164, 243, 296, 455, 1289, 2641, 2740, 3735, 4172]}
2574	{2574 -15.6963 []}
2579	{2579 -9.7301 []}
2584	{2584 -9.7206 []}
2589	{2589 -15.8981 [4185]}
2594	{2594 -11.1421 []}
2599	{2599 -7.8982 [665, 1175, 1866, 1867, 2563, 3033, 3980, 4199, 4200]}
2604	{2604 -13.5552 [4166]}
2609	{2609 -13.5552 []}
2614	{2614 -10.0019 [548, 1165, 1217, 1342, 1985, 2018, 2022, 2343, 2384, 2465 ... (12 more) ]}
2619	{2619 -9.9973 []}
2624	{2624 -11.5299 []}
2629	{2629 -15.8458 [127, 128, 129, 176, 229, 353, 1317, 2115, 3102, 4228]}
2634	{2634 -11.6413 [106, 510, 558, 1817, 2595, 2635, 3409, 3897, 4229]}
2639	{2639 -11.7823 [71, 296, 527, 804, 1017, 2051, 3215, 3362, 4234, 4235]}
2644	{2644 -16.6506 []}
2649	{2649 -15.5672 []}
2654	{2654 -12.2299 [836, 908, 1412, 2076, 2461, 2660, 3767, 3995, 4243, 4244]}
2659	{2659 -18.2684 [945, 1489, 2086, 2411, 2982, 3684, 4245, 4246]}
2664	{2664 -15.1148 []}
2669	{2669 -16.7046 []}
2674	{2674 -16.7144 []}
2679	{2679 -18.2605 [10, 148, 265, 369, 427, 698, 754, 947, 2064, 4257]}
2684	{2684 -15.8110 []}
2689	{2689 -10.2153 []}
2694	{2694 -15.8155 [3363]}
2699	{2699 -14.6962 [3, 122, 127, 143, 146, 177, 238, 249, 352, 856]}
2704	{2704 -14.5246 [837]}
2709	{2709 -8.0860 [23, 518, 2138, 2360, 2794, 3992, 4172, 4287, 4288, 4289]}
2714	{2714 -16.4400 []}
2719	{2719 -12.4504 [92, 182, 835, 1209, 1255, 1442, 3117, 4278, 4279, 4280]}
2724	{2724 -11.6990 []}
2729	{2729 -12.4944 []}
2734	{2734 -8.1774 []}
2739	{2739 -14.0581 []}
2744	{2744 -11.9525 []}
2749	{2749 -12.1751 []}
2754	{2754 -15.1344 []}
2759	{2759 -10.9561 []}
2764	{2764 -10.3853 []}
2769	{2769 -14.9525 []}
2774	{2774 -15.0380 [2440]}
2779	{2779 -13.8066 [7, 124, 125, 144, 148, 149, 248, 249, 251, 367]}
2784	{2784 -15.7037 []}
2789	{2789 -12.5871 []}
2794	{2794 -10.5456 [513, 1042, 1509, 2001, 2292, 2615, 3215, 3907, 4306]}
2799	{2799 -13.8480 []}
2804	{2804 -17.4570 [470, 604, 1325, 1451, 2422, 2733, 2768, 3276, 3772, 4311]}
2809	{2809 -11.6156 []}
2814	{2814 -11.6156 []}
2819	{2819 -11.4942 [5, 144, 148, 149, 252, 266, 422, 559, 856, 2098]}
2824	{2824 -Infinity []}
2829	{2829 -16.2034 [43, 122, 123, 251, 423, 1228, 1245, 1679, 1721, 4334]}
2834	{2834 -Infinity []}
2839	{2839 -12.7636 []}
2844	{2844 -15.8798 []}
2849	{2849 -14.4833 []}
2854	{2854 -15.8799 []}
2859	{2859 -12.7763 [571, 609, 695, 802, 864, 870, 2638, 3109, 4334, 4356]}
2864	{2864 -15.3412 [352]}
2869	{2869 -13.7912 []}
2874	{2874 -16.0770 []}
2879	{2879 -20.5474 [5, 31, 125, 126, 148, 175, 179, 238, 353, 558]}
2884	{2884 -14.7520 []}
2889	{2889 -15.0025 []}
2894	{2894 -14.5320 []}
2899	{2899 -17.3318 []}
2904	{2904 -13.1998 [531, 820, 930, 1608, 1845, 1956, 4156, 4399, 4400, 4401]}
2909	{2909 -14.9534 []}
2914	{2914 -15.2206 []}
2919	{2919 -19.9217 []}
2924	{2924 -17.1039 []}
2929	{2929 -16.4329 []}
2934	{2934 -13.0565 []}
2939	{2939 -15.0505 [802, 1866, 2275, 2412, 2948, 3636, 4170, 4418, 4419, 4420]}
2944	{2944 -15.6152 [1240, 1425, 1731, 4537, 4538]}
2949	{2949 -11.2843 [163, 264, 667, 708, 1903, 1926, 2035, 3365, 4402, 4421]}
2954	{2954 -14.4833 []}
2959	{2959 -11.9243 []}
2964	{2964 -10.3235 []}
2969	{2969 -16.5910 []}
2974	{2974 -9.7627 [50, 892, 1077, 1203, 2089, 2562, 2861, 3749, 4436, 4437]}
2979	{2979 -19.5996 []}
2984	{2984 -11.2191 []}
2989	{2989 -24.2089 [2232, 2448]}
2994	{2994 -12.4085 []}
2999	{2999 -14.0727 []}
3004	{3004 -14.2422 [1900, 1983, 3463, 4584]}
3009	{3009 -16.1453 [17, 144, 175, 1245, 1317, 1667, 2018, 2627, 4457]}
3014	{3014 -14.2053 [274, 937, 1016, 1305, 1503, 1608, 1800, 1947, 3706, 4458]}
3019	{3019 -12.5962 []}
3024	{3024 -18.0496 [352, 1139, 1721, 2790, 3995, 4460, 4461, 4462, 4463]}
3029	{3029 -11.7058 []}
3034	{3034 -16.7754 [127, 289, 1223, 3035, 3795, 4292, 4388, 4466, 4467]}
3039	{3039 -14.2057 [584, 4599]}
3044	{3044 -19.6587 []}
3049	{3049 -16.1932 []}
3054	{3054 -19.5932 []}
3059	{3059 -13.1213 [7, 8, 123, 129, 144, 149, 174, 248, 367, 717]}
3064	{3064 -14.3374 []}
3069	{3069 -17.7649 []}
3074	{3074 -Infinity [289, 979, 1228, 4288, 4493]}
3079	{3079 -10.4185 []}
3084	{3084 -16.9745 []}
3089	{3089 -17.7004 []}
3094	{3094 -16.2626 []}
3099	{3099 -Infinity []}
3104	{3104 -14.6947 []}
3109	{3109 -5.7161 []}
3114	{3114 -12.6454 []}
3119	{3119 -15.2301 []}
3124	{3124 -13.1331 []}
3129	{3129 -13.8658 [334, 2360, 3634, 3962, 4548]}
3134	{3134 -12.8495 []}
3139	{3139 -11.7025 []}
3144	{3144 -13.3629 []}
3149	{3149 -10.4950 [1258, 2007, 2039, 2067, 2197, 2218, 2888, 4380, 4549, 4550]}
3154	{3154 -17.8678 []}
3159	{3159 -15.3331 []}
3164	{3164 -5.7194 []}
3169	{3169 -9.3653 []}
3174	{3174 -10.6365 [262, 344, 2613, 2994, 4571]}
3179	{3179 -13.7690 [282, 303, 728, 822, 1143, 1505, 2528, 2885, 3769, 4075]}
3184	{3184 -16.8026 []}
3189	{3189 -16.0499 []}
3194	{3194 -9.9231 [4587]}
3199	{3199 -10.5326 []}
3204	{3204 -13.3140 []}
3209	{3209 -16.4371 []}
3214	{3214 -18.0041 []}
3219	{3219 -14.3280 []}
3224	{3224 -14.6590 [2516]}
3229	{3229 -10.3738 []}
3234	{3234 -13.6561 [4709]}
3239	{3239 -16.3537 []}
3244	{3244 -21.6942 [120, 257, 456, 872, 1492, 1651, 1758, 4626, 4627, 4628]}
3249	{3249 -11.9680 []}
3254	{3254 -17.5716 [1067]}
3259	{3259 -13.3425 [1090, 2049, 2050, 2566, 3014, 3815, 4282, 4633, 4634, 4635]}
3264	{3264 -18.2527 []}
3269	{3269 -16.9468 [5, 17, 126, 143, 149, 250, 266, 423, 424, 559]}
3274	{3274 -22.6755 [4644]}
3279	{3279 -20.6584 []}
3284	{3284 -15.3718 [452, 453, 1688, 2354, 2653, 3408, 4288, 4654, 4655, 4656]}
3289	{3289 -13.8832 []}
3294	{3294 -16.5371 []}
3299	{3299 -10.1801 []}
3304	{3304 -14.0726 [125, 174, 180, 252, 264, 266, 368, 390, 422, 559]}
3309	{3309 -10.5486 [9, 97, 413, 581, 1023, 1026, 1533, 3460, 3786, 3822]}
3314	{3314 -15.0353 []}
3319	{3319 -14.1365 []}
3324	{3324 -27.8010 []}
3329	{3329 -12.5068 []}
3334	{3334 -11.3702 []}
3339	{3339 -13.6667 []}
3344	{3344 -9.0527 [455, 1317, 3894, 4688, 4689]}
3349	{3349 -12.5062 []}
3354	{3354 -8.1044 []}
3359	{3359 -15.9399 [997]}
3364	{3364 -10.3447 [135, 840, 968, 1740, 1741, 3132, 3334, 4705, 4706]}
3369	{3369 -17.0324 [104, 391, 860, 1855, 3014, 4093, 4120, 4298, 4714, 4715]}
3374	{3374 -12.5633 [1090, 1528, 1816, 2474, 2524, 3067, 3108, 3233, 3755, 4210]}
3379	{3379 -16.3605 []}
3384	{3384 -13.9022 []}
3389	{3389 -15.8918 []}
3394	{3394 -11.4329 [1724, 2066, 2275, 3660, 4603, 4727, 4728, 4729, 4730]}
3399	{3399 -13.7360 []}
3404	{3404 -15.0990 []}
3409	{3409 -13.4342 [288, 325, 707, 1120, 1211, 1904, 3439, 3849, 4369, 4754]}
3414	{3414 -8.0951 []}
3419	{3419 -13.0436 []}
3424	{3424 -15.9053 []}
3429	{3429 -13.7660 [1447, 2292, 2413, 2918, 4020]}
3434	{3434 -15.9053 []}
3439	{3439 -14.6346 []}
3444	{3444 -18.3724 []}
3449	{3449 -18.5189 []}
3454	{3454 -18.3258 []}
3459	{3459 -12.7512 [3, 124, 127, 129, 177, 251, 266, 367, 368, 422]}
3464	{3464 -12.8455 []}
3469	{3469 -12.5207 [123, 266, 570, 1630, 2236, 2752, 2948, 3247, 4773, 4774]}
3474	{3474 -Infinity []}
3479	{3479 -15.2790 [572, 1085, 1456, 3015, 3392, 3634, 3781, 4405, 4780]}
3484	{3484 -12.1457 [121, 127, 128, 129, 146, 176, 238, 266, 423, 427]}
3489	{3489 -12.2059 []}
3494	{3494 -18.2614 []}
3499	{3499 -14.2018 [788]}
3504	{3504 -17.6698 []}
3509	{3509 -12.3463 []}
3514	{3514 -20.9190 [921, 1160, 1429, 1898, 2479, 2555, 3574, 4600, 4791, 4792]}
3519	{3519 -16.4631 [648, 895, 1227, 4872, 4883]}
3524	{3524 -10.5295 [330, 945, 1047, 1797, 2397, 2705, 3017, 3235, 3583, 4802]}
3529	{3529 -20.8069 [127, 146, 180, 249, 266, 559, 754, 1245, 2001]}
3534	{3534 -13.8001 []}
3539	{3539 -14.6338 [47, 503, 1342, 3460, 4199, 4281, 4727, 4808, 4809, 4810]}
3544	{3544 -15.7872 [3, 121, 124, 143, 174, 177, 264, 426, 427, 717]}
3549	{3549 -14.7039 [190, 227, 260, 412, 637, 979, 1689, 1702, 2984, 3136]}
3554	{3554 -16.0897 []}
3559	{3559 -21.5030 []}
3564	{3564 -14.5696 [854, 1123, 1573, 3409, 4158, 4339, 4718, 4823]}
3569	{3569 -11.7914 []}
3574	{3574 -13.1338 []}
3579	{3579 -12.2717 [7, 149, 252, 715, 1481, 2001, 4172, 4586, 4679, 4794]}
3584	{3584 -15.2875 []}
3589	{3589 -13.1543 []}
3594	{3594 -15.9649 [363, 1138, 2498, 2747, 4846, 4847, 4848, 4849, 4850, 4851]}
3599	{3599 -13.1997 [693, 2916, 3682, 4852, 4853]}
3604	{3604 -14.9350 []}
3609	{3609 -17.3490 []}
3614	{3614 -12.9099 []}
3619	{3619 -10.2020 []}
3624	{3624 -19.0888 []}
3629	{3629 -13.0589 []}
3634	{3634 -15.3678 [1052, 1067, 2479, 2528, 3524, 3677, 4371, 4641, 4870, 4871]}
3639	{3639 -14.1927 []}
3644	{3644 -14.1927 []}
3649	{3649 -14.1927 []}
3654	{3654 -14.1078 [586, 1089, 1280, 1923, 2723, 4009, 4124, 4584, 4877, 4878]}
3659	{3659 -14.1927 []}
3664	{3664 -14.1927 []}
3669	{3669 -14.8902 []}
3674	{3674 -17.8073 []}
3679	{3679 -11.5843 []}
3684	{3684 -14.7750 []}
3689	{3689 -12.9943 []}
3694	{3694 -14.5971 [1280]}
3699	{3699 -14.0633 [195, 1903, 2479, 2650, 2768, 3822, 4180, 4888, 4889, 4890]}
3704	{3704 -19.0020 []}
3709	{3709 -16.6668 []}
3714	{3714 -13.7640 [1056]}
3719	{3719 -15.0512 [113, 180, 795, 2186, 2341, 3523, 3740, 4884, 4904, 4905]}
3724	{3724 -14.2563 []}
3729	{3729 -13.1024 []}
3734	{3734 -13.3638 [5, 125, 145, 179, 390, 422, 424, 558, 667, 856]}
3739	{3739 -19.2242 []}
3744	{3744 -16.0858 [3149]}
3749	{3749 -12.2264 []}
3754	{3754 -16.4939 []}
3759	{3759 -15.2476 [1217]}
3764	{3764 -16.5523 []}
3769	{3769 -15.2927 []}
3774	{3774 -19.6650 []}
3779	{3779 -12.3019 []}
3784	{3784 -13.8912 []}
3789	{3789 -13.5523 []}
3794	{3794 -14.5971 []}
3799	{3799 -18.6379 []}
3804	{3804 -17.0950 []}
3809	{3809 -16.0515 []}
3814	{3814 -15.8216 []}
3819	{3819 -14.0283 [432, 514, 730, 1441, 1538, 2785, 3249, 3916, 4484, 4520]}
3824	{3824 -16.3892 [3149]}
3829	{3829 -15.6368 []}
3834	{3834 -11.7532 []}
3839	{3839 -12.4924 [4063]}
3844	{3844 -13.8430 [14, 50, 102, 199, 814, 1749, 2344, 2486, 2563, 4958]}
3849	{3849 -9.0415 [8, 123, 129, 174, 248, 352, 369, 424, 1317, 2338]}
3854	{3854 -12.4834 []}
3859	{3859 -15.1594 [133, 391, 855, 2676, 3618, 4285, 4297, 4960, 4961, 4962]}
3864	{3864 -18.6341 []}
3869	{3869 -17.3982 []}
3874	{3874 -10.3890 []}
3879	{3879 -12.9115 []}
3884	{3884 -13.4537 []}
3889	{3889 -16.6712 []}
3894	{3894 -10.7503 []}
3899	{3899 -19.0449 []}
3904	{3904 -15.9866 [312, 1656, 2175, 3489, 4091, 4718, 4998, 4999, 5000, 5001]}
3909	{3909 -21.2996 []}
3914	{3914 -8.1045 []}
3919	{3919 -16.9674 [7, 219, 256, 424, 1602, 2119, 2364, 3120, 4756, 4996]}
3924	{3924 -12.7767 []}
3929	{3929 -13.1502 [76, 513, 550, 604, 712, 1940, 1955, 1969, 3022, 3509]}
3934	{3934 -8.0924 [15, 855, 1212, 2563, 4629, 4950, 5088, 5414, 5889, 5890]}
3939	{3939 -17.0819 []}
3944	{3944 -15.3487 []}
3949	{3949 -13.2925 []}
3954	{3954 -16.0498 []}
3959	{3959 -12.6573 []}
3964	{3964 -14.2097 []}
3969	{3969 -10.5438 []}
3974	{3974 -11.2793 []}
3979	{3979 -15.0314 [8, 9, 125, 128, 175, 250, 353, 424, 754]}
3984	{3984 -13.9435 []}
3989	{3989 -15.3580 [2705, 3908, 4103, 4677, 5028]}
3994	{3994 -12.8543 []}
3999	{3999 -13.9160 []}
4004	{4004 -12.8351 [682, 2149, 2442, 5029, 5030, 5031, 5032, 5033, 5034, 5035]}
4009	{4009 -11.9213 []}
4014	{4014 -13.6774 []}
4019	{4019 -13.8638 []}
4024	{4024 -14.1804 []}
4029	{4029 -18.2943 []}
4034	{4034 -15.2050 []}
4039	{4039 -14.6911 []}
4044	{4044 -16.2648 []}
4049	{4049 -8.1844 []}
4054	{4054 -10.5504 []}
4059	{4059 -13.9017 [3789]}
4064	{4064 -12.1442 []}
4069	{4069 -12.5251 []}
4074	{4074 -13.2277 []}
4079	{4079 -17.3077 []}
4084	{4084 -13.3003 []}
4089	{4089 -10.3881 []}
4094	{4094 -14.6982 []}
4099	{4099 -14.3108 []}
4104	{4104 -17.3454 []}
4109	{4109 -15.0793 [795, 843, 979, 1172, 2085, 2561, 3925, 4075, 4183, 5082]}
4114	{4114 -15.9815 [124, 127, 251, 264, 390, 427, 559, 667, 1245, 2018]}
4119	{4119 -15.5212 []}
4124	{4124 -16.1772 [1208, 2474, 2636, 3404, 3733, 3806, 4687, 5087, 5088, 5089]}
4129	{4129 -11.9763 []}
4134	{4134 -15.5967 []}
4139	{4139 -19.1600 [268, 487, 1339, 2220, 2898, 4307, 4328, 4382, 4841, 4993]}
4144	{4144 -14.2318 [322, 462, 1447, 1481, 1615, 4214, 4307, 4955, 5097, 5098]}
4149	{4149 -15.8518 [5105]}
4154	{4154 -12.3939 [586, 1085, 1859, 2387, 2894, 4202, 4628, 5093, 5094, 5095]}
4159	{4159 -12.8459 [230, 1425, 2058, 2869, 3759, 3786, 4068, 4270, 5361, 5788]}
4164	{4164 -12.9056 [8, 121, 127, 146, 177, 353, 369, 422, 427, 717]}
4169	{4169 -16.0277 []}
4174	{4174 -17.2377 [8, 122, 143, 146, 174, 196, 352, 353, 369, 424]}
4179	{4179 -15.4462 [3, 123, 127, 144, 145, 238, 251, 352, 369, 2338]}
4184	{4184 -14.6882 []}
4189	{4189 -13.6301 [107, 298, 1396, 1718, 1890, 3543, 4094, 5118, 5119, 5120]}
4194	{4194 -13.6224 [180, 870, 2432, 3328, 4589]}
4199	{4199 -10.2568 []}
4204	{4204 -11.8299 [202, 989, 2337, 3367, 3931, 4248, 5047, 5131, 5132]}
4209	{4209 -15.6592 []}
4214	{4214 -13.2239 []}
4219	{4219 -12.3407 []}
4224	{4224 -12.2272 []}
4229	{4229 -14.0011 []}
4234	{4234 -14.2369 [146, 177, 238, 264, 352, 424, 427, 2098]}
4239	{4239 -13.8713 [2184]}
4244	{4244 -14.6950 [904, 918, 986, 1157, 1547, 3006, 4628, 4966, 5157, 5158]}
4249	{4249 -15.3681 []}
4254	{4254 -12.8420 []}
4259	{4259 -14.2413 []}
4264	{4264 -14.3057 [1157]}
4269	{4269 -17.2149 [4797]}
4274	{4274 -18.7742 [164, 230, 424, 2017, 2148, 2787, 3523, 3988, 4813, 5178]}
4279	{4279 -14.9155 [5, 121, 125, 129, 148, 174, 176, 369, 424, 717]}
4284	{4284 -14.4292 []}
4289	{4289 -10.4681 []}
4294	{4294 -16.2823 []}
4299	{4299 -12.3719 []}
4304	{4304 -13.9623 [5157]}
4309	{4309 -14.5648 []}
4314	{4314 -21.6339 []}
4319	{4319 -12.7021 [720, 866, 1425, 1719, 2546, 4251, 5210, 5211, 5212, 5213]}
4324	{4324 -15.4190 [92, 315, 2200, 3095, 3136, 3843, 4721, 5214, 5215, 5216]}
4329	{4329 -Infinity []}
4334	{4334 -14.2937 [57, 3756, 4036, 4242, 4397, 4684, 4814, 5116, 5220, 5221]}
4339	{4339 -14.7586 []}
4344	{4344 -12.6830 [684, 1943, 3861, 4766, 4973, 5226, 5227, 5228, 5229, 5230]}
4349	{4349 -14.0163 []}
4354	{4354 -14.0079 []}
4359	{4359 -8.8240 [113, 190, 363, 1056, 1805, 2984, 3275, 4018, 4589, 5004]}
4364	{4364 -15.1100 []}
4369	{4369 -15.8494 [3694, 5186, 5252, 5253, 5254, 5255, 5256, 5257, 5258, 5259]}
4374	{4374 -15.0715 []}
4379	{4379 -17.6660 []}
4384	{4384 -17.6732 []}
4389	{4389 -16.3607 [208, 1173, 1362, 4164, 5248, 5249]}
4394	{4394 -15.4138 []}
4399	{4399 -15.6649 [5, 125, 127, 179, 248, 250, 559, 667, 717, 2018]}
4404	{4404 -14.8048 []}
4409	{4409 -15.2537 []}
4414	{4414 -14.8131 []}
4419	{4419 -13.5206 [8, 31, 126, 144, 148, 175, 179, 247, 558, 697]}
4424	{4424 -12.7713 [110, 498, 1804, 2708, 4885, 5279, 5280, 5281, 5282, 5283]}
4429	{4429 -18.7959 []}
4434	{4434 -13.4963 [352, 777, 926, 2086, 3932, 3983, 4757, 4980, 5273, 5274]}
4439	{4439 -14.2386 []}
4444	{4444 -16.5666 [769, 770, 1528, 1744, 3852, 4062, 4551, 5182, 5285, 5286]}
4449	{4449 -16.5169 [162, 199, 290, 757, 2151, 5292, 5293, 5294, 5295, 5296]}
4454	{4454 -20.6660 []}
4459	{4459 -10.5318 [2139, 2425, 2431, 2570, 4507, 5017, 5116, 5150, 5302, 5303]}
4464	{4464 -12.1212 []}
4469	{4469 -15.4555 [548, 1160, 2126, 2499, 2690, 3574, 3917, 5308, 5309, 5310]}
4474	{4474 -17.4457 []}
4479	{4479 -22.6827 [183, 604, 913, 2039, 2291, 3318, 4378, 5317, 5318, 5319]}
4484	{4484 -16.4221 []}
4489	{4489 -17.4511 [3813, 5392]}
4494	{4494 -16.7649 []}
4499	{4499 -15.7239 []}
4504	{4504 -15.7543 []}
4509	{4509 -19.8416 []}
4514	{4514 -20.0966 []}
4519	{4519 -12.9167 []}
4524	{4524 -19.0892 []}
4529	{4529 -19.0892 []}
4534	{4534 -14.3323 []}
4539	{4539 -9.0382 [1651, 2166, 3352, 3781, 4553, 5068, 5085, 5572, 5868, 5884]}
4544	{4544 -24.6789 []}
4549	{4549 -12.9602 []}
4554	{4554 -18.6688 []}
4559	{4559 -17.0003 []}
4564	{4564 -12.9895 []}
4569	{4569 -13.0000 [581, 1026, 2965, 4455, 4516, 4821, 4844, 5359, 5360, 5361]}
4574	{4574 -16.3780 [392, 617, 1616, 1937, 1987, 3446, 4960, 5362, 5363, 5364]}
4579	{4579 -21.0217 []}
4584	{4584 -14.6411 []}
4589	{4589 -11.2657 []}
4594	{4594 -20.6255 []}
4599	{4599 -15.0614 []}
4604	{4604 -20.4210 []}
4609	{4609 -18.5561 []}
4614	{4614 -14.8183 []}
4619	{4619 -12.8926 [381, 778, 1592, 1900, 2166, 2234, 2646, 2875, 3327, 4812]}
4624	{4624 -15.0779 []}
4629	{4629 -10.5573 [151, 281, 491, 2360, 2781, 3576, 3891, 5328, 5391]}
4634	{4634 -15.8076 []}
4639	{4639 -11.2611 [472, 576, 2060, 4158, 5406]}
4644	{4644 -22.8376 []}
4649	{4649 -15.0717 []}
4654	{4654 -17.7482 [1137, 1239, 1509, 1616, 1803, 3141, 3699, 3807, 4655, 5852 ... (2 more) ]}
4659	{4659 -13.9160 []}
4664	{4664 -11.1364 [3635, 5434, 5435, 5436]}
4669	{4669 -14.2074 [141, 289, 2227, 2353, 2625, 3162, 3562, 5414, 5415, 5416]}
4674	{4674 -16.8020 [5283]}
4679	{4679 -11.9486 []}
4684	{4684 -15.0833 [970, 1731, 3837, 4176, 4735, 5343, 5419, 5420]}
4689	{4689 -10.8247 [924, 1199, 1288, 1424, 1866, 1867, 1868, 2558, 5423, 5424]}
4694	{4694 -16.2635 [1047, 2449, 3293, 3929, 4164, 5430, 5431, 5432, 5433]}
4699	{4699 -16.9105 []}
4704	{4704 -15.9527 []}
4709	{4709 -13.8187 []}
4714	{4714 -11.5206 []}
4719	{4719 -16.0285 []}
4724	{4724 -16.2115 [63, 514, 1694, 4296, 5155, 5443, 5444, 5445, 5446]}
4729	{4729 -13.7926 [4986]}
4734	{4734 -16.7308 [43]}
4739	{4739 -15.3100 [260, 762, 1333, 3475, 3504, 3807, 3851, 5454, 5455]}
4744	{4744 -Infinity []}
4749	{4749 -17.5492 []}
4754	{4754 -12.6151 [115, 124, 483, 521, 1413, 1654, 1768, 4113, 4914, 5467]}
4759	{4759 -14.6810 []}
4764	{4764 -12.8269 []}
4769	{4769 -14.9890 [983, 2670, 2986, 3038, 3337, 4203, 5085, 5140, 5471, 5472]}
4774	{4774 -14.9857 []}
4779	{4779 -14.9786 []}
4784	{4784 -13.5730 [122, 123, 124, 127, 129, 248, 845, 2381, 3305, 5492]}
4789	{4789 -12.7454 []}
4794	{4794 -14.7368 []}
4799	{4799 -15.3071 [1456, 1618, 2234, 2896, 4876, 4883, 5463, 5498]}
4804	{4804 -15.5770 []}
4809	{4809 -16.8732 []}
4814	{4814 -16.5327 []}
4819	{4819 -18.0691 []}
4824	{4824 -17.1651 []}
4829	{4829 -17.4580 []}
4834	{4834 -24.3135 []}
4839	{4839 -11.5975 [356, 572, 1137, 1287, 1671, 2324, 2475, 2648, 2822, 4754]}
4844	{4844 -10.1846 []}
4849	{4849 -18.4300 []}
4854	{4854 -12.2017 []}
4859	{4859 -13.4358 []}
4864	{4864 -13.2387 [141, 279, 1143, 1443, 2961, 3452, 5533, 5534, 5535, 5536]}
4869	{4869 -20.8606 []}
4874	{4874 -14.8872 [123, 249, 250, 251, 264, 422, 427, 1245, 2001]}
4879	{4879 -16.5010 []}
4884	{4884 -15.3391 []}
4889	{4889 -14.7555 []}
4894	{4894 -11.4660 []}
4899	{4899 -10.4640 []}
4904	{4904 -12.7926 []}
4909	{4909 -14.4414 []}
4914	{4914 -15.0447 [125, 498, 1211, 2798, 3249, 3819, 4006, 4474, 5566, 5567]}
4919	{4919 -16.5127 []}
4924	{4924 -12.5326 []}
4929	{4929 -13.5145 []}
4934	{4934 -12.4341 []}
4939	{4939 -14.7953 []}
4944	{4944 -14.8637 [390, 427, 777, 1842, 2269, 2862, 3658, 4578, 5581, 5582]}
4949	{4949 -14.6026 [31, 127, 143, 368, 422, 427, 558, 856, 2001]}
4954	{4954 -14.2172 []}
4959	{4959 -14.1863 []}
4964	{4964 -12.9289 []}
4969	{4969 -15.4572 []}
4974	{4974 -18.2714 []}
4979	{4979 -16.0859 []}
4984	{4984 -17.7963 []}
4989	{4989 -16.1321 []}
4994	{4994 -18.0740 []}
4999	{4999 -18.4517 [123, 149, 179, 427]}
5004	{5004 -11.2868 []}
5009	{5009 -10.4640 []}
5014	{5014 -15.4390 [124, 129, 146, 247, 249, 353, 368, 369, 390, 1245]}
5019	{5019 -14.5636 []}
5024	{5024 -17.6917 [114]}
5029	{5029 -15.2923 [146, 177, 353, 1047, 1135, 2130, 2338, 3503, 4453, 5617]}
5034	{5034 -15.3002 [3029]}
5039	{5039 -16.3811 []}
5044	{5044 -23.3153 [122, 123, 125, 144, 174, 352, 369, 424, 427, 2338]}
5049	{5049 -14.5718 []}
5054	{5054 -18.4710 []}
5059	{5059 -14.7451 []}
5064	{5064 -14.9902 []}
5069	{5069 -16.4297 [5623]}
5074	{5074 -14.2942 [311, 1362, 1539, 2087, 2204, 2354, 2579, 3205, 5546]}
5079	{5079 -16.6897 []}
5084	{5084 -18.0789 []}
5089	{5089 -16.5730 [3981]}
5094	{5094 -14.8521 []}
5099	{5099 -15.3689 []}
5104	{5104 -18.4931 [23, 689, 910, 967, 1424, 2552, 2787, 3487, 4400, 5277]}
5109	{5109 -17.0735 []}
5114	{5114 -15.4891 []}
5119	{5119 -16.0952 []}
5124	{5124 -15.3403 []}
5129	{5129 -14.0643 [848, 1150, 1956, 2094, 3283, 3781, 4256, 4874, 5293, 5644]}
5134	{5134 -18.4855 []}
5139	{5139 -16.6994 []}
5144	{5144 -15.7205 []}
5149	{5149 -14.8535 [802, 2125, 2499, 5656, 5657]}
5154	{5154 -10.5573 [49, 803, 1219, 1255, 2285, 3017, 3133, 5023, 5463, 5670]}
5159	{5159 -16.1566 []}
5164	{5164 -14.3326 []}
5169	{5169 -20.9635 []}
5174	{5174 -13.8150 []}
5179	{5179 -15.6201 []}
5184	{5184 -17.2860 []}
5189	{5189 -15.6007 []}
5194	{5194 -15.8729 []}
5199	{5199 -17.4747 []}
5204	{5204 -16.1500 []}
5209	{5209 -9.0562 []}
5214	{5214 -17.8841 [1193, 1926, 2236, 2337, 2847, 4018, 5081, 5235, 5714]}
5219	{5219 -17.2640 []}
5224	{5224 -13.3212 [391, 717, 1542, 1787, 1881, 2892, 4490, 4741, 5720]}
5229	{5229 -14.6036 []}
5234	{5234 -18.8746 []}
5239	{5239 -12.8767 []}
5244	{5244 -13.7397 []}
5249	{5249 -18.3151 []}
5254	{5254 -17.7564 [450, 2308, 3488, 4426, 4654, 4998, 5474, 5594, 5731, 5732]}
5259	{5259 -18.3145 [4540]}
5264	{5264 -15.5948 []}
5269	{5269 -17.8168 []}
5274	{5274 -15.9615 []}
5279	{5279 -15.2364 [1402, 2035, 3080, 4882, 5749]}
5284	{5284 -22.3389 []}
5289	{5289 -14.7321 []}
5294	{5294 -18.9820 [64, 2633, 3205, 3218, 4205, 4939, 5759, 5760, 5761, 5762]}
5299	{5299 -17.9004 []}
5304	{5304 -15.7796 [113, 2313, 2932, 3017, 3134, 4702, 5281, 5299, 5510, 5657]}
5309	{5309 -17.9206 []}
5314	{5314 -15.0501 []}
5319	{5319 -25.1483 []}
5324	{5324 -17.1612 []}
5329	{5329 -20.3117 []}
5334	{5334 -14.4143 []}
5339	{5339 -17.0868 [124, 147, 175, 247, 250, 367, 368, 369, 559, 754]}
5344	{5344 -18.0447 []}
5349	{5349 -17.1987 []}
5354	{5354 -10.3139 []}
5359	{5359 -15.4651 [4, 125, 175, 352, 368, 558, 717, 856, 1317, 2338]}
5364	{5364 -18.8431 []}
5369	{5369 -17.0529 []}
5374	{5374 -23.0907 []}
5379	{5379 -18.6539 [2579]}
5384	{5384 -17.0760 []}
5389	{5389 -15.2214 [2634]}
5394	{5394 -Infinity []}
5399	{5399 -16.9229 []}
5404	{5404 -11.5209 [1143, 2583, 2658, 2885, 2961, 5749, 5763, 5764, 5805]}
5409	{5409 -17.4314 []}
5414	{5414 -8.6629 [855]}
5419	{5419 -17.3252 []}
5424	{5424 -13.2898 []}
5429	{5429 -15.7653 [651, 1534, 1720, 2690, 4306, 4439, 4961, 5040, 5827, 5828]}
5434	{5434 -12.6797 []}
5439	{5439 -18.5045 []}
5444	{5444 -18.5713 []}
5449	{5449 -14.6372 []}
5454	{5454 -17.6698 []}
5459	{5459 -16.7304 [385, 870, 1048, 1980, 4793, 5831, 5832, 5833, 5834]}
5464	{5464 -20.0144 [2005, 2532, 2862, 3564, 3860, 4633, 5155, 5425, 5823, 5835]}
5469	{5469 -15.2748 []}
5474	{5474 -11.4630 []}
5479	{5479 -17.1330 [2697, 4065, 5882]}
5484	{5484 -12.8328 []}
5489	{5489 -24.0645 []}
5494	{5494 -16.4103 []}
5499	{5499 -23.3885 [3635, 4128, 4462, 4670, 5828]}
5504	{5504 -20.9814 [505, 3293, 3778, 4293, 4458, 5121, 5703, 5792, 5854, 5855]}
5509	{5509 -15.3613 [1405, 2218, 3288, 4501, 4854, 5859, 5860, 5861, 5862]}
5514	{5514 -19.2499 []}
5519	{5519 -14.5323 []}
5524	{5524 -19.2335 []}
5529	{5529 -17.4283 [345, 2377, 3285, 3334, 4160, 4735, 4986, 5168, 5866, 5867]}
5534	{5534 -15.7023 []}
5539	{5539 -Infinity [125]}
5544	{5544 -17.7819 []}
5549	{5549 -14.8543 []}
5554	{5554 -11.2887 []}
5559	{5559 -19.8389 []}
5564	{5564 -16.2193 []}
5569	{5569 -14.0820 []}
5574	{5574 -20.8576 []}
5579	{5579 -18.6823 []}
5584	{5584 -9.0588 []}
5589	{5589 -16.3946 [203, 697, 750, 913, 2716, 4156, 4189, 5407, 5449]}
5594	{5594 -19.3333 []}
5599	{5599 -13.0346 []}
5604	{5604 -16.3928 []}
5609	{5609 -17.7653 []}
5614	{5614 -17.4101 [4415]}
5619	{5619 -16.1260 [261, 391, 898, 1212, 1866, 1867, 2149, 2973, 3982, 4237]}
5624	{5624 -22.7535 []}
5629	{5629 -12.9963 [92, 133, 177, 731, 2443, 2779, 4111, 4646, 5775]}
5634	{5634 -15.5174 []}
5639	{5639 -13.7467 []}
5644	{5644 -16.5059 [643, 877, 1316, 1335, 1928, 3027, 4101, 5916, 5917]}
5649	{5649 -20.9505 []}
5654	{5654 -17.6223 [3, 123, 124, 127, 247, 369, 390, 666, 667, 856]}
5659	{5659 -19.0417 []}
5664	{5664 -17.5959 []}
5669	{5669 -17.5959 []}
5674	{5674 -25.7311 []}
5679	{5679 -21.7753 []}
5684	{5684 -14.7613 []}
5689	{5689 -19.8356 []}
5694	{5694 -19.7247 []}
5699	{5699 -18.3380 []}
5704	{5704 -18.6055 []}
5709	{5709 -26.5642 []}
5714	{5714 -20.1550 []}
5719	{5719 -16.0780 []}
5724	{5724 -16.5500 [3, 7, 122, 123, 124, 125, 145, 177, 352, 427]}
5729	{5729 -13.5900 [586, 898, 2198, 2227, 2789, 3275, 4280, 5756, 5952, 5953]}
5734	{5734 -19.7334 []}
5739	{5739 -22.5957 []}
5744	{5744 -22.5957 []}
5749	{5749 -13.8378 []}
5754	{5754 -17.8474 [870, 1048, 2537, 3563, 3993, 4622, 5729, 5920, 5964, 5965]}
5759	{5759 -21.4471 [704, 837, 1137, 1928, 4095, 5230, 5931, 5968, 5969]}
5764	{5764 -13.8800 []}
5769	{5769 -16.5398 []}
5774	{5774 -27.6129 []}
5779	{5779 -17.7703 []}
5784	{5784 -18.5987 []}
5789	{5789 -17.1570 []}
5794	{5794 -17.1570 [771, 1637, 1940, 5429, 5986, 5987, 5988, 5989, 5990, 5991]}
5799	{5799 -19.5682 []}
5804	{5804 -15.4977 [1538, 3345, 3702, 4939, 5988, 5992, 5993, 5994, 5995, 5996]}
5809	{5809 -19.8965 [4, 7, 8, 126, 129, 144, 175, 179, 1317]}
5814	{5814 -16.9569 []}
5819	{5819 -20.9697 [123, 143, 177, 179, 247, 264, 367, 369, 422, 1246]}
5824	{5824 -20.9279 [1592, 1993, 2267, 2650, 2672, 2720, 4128, 5771, 5958, 5974]}
5829	{5829 -19.3986 [3480]}
5834	{5834 -19.0902 [124, 177, 248, 249, 1245]}
5839	{5839 -19.9193 []}
5844	{5844 -17.4025 []}
5849	{5849 -21.0948 []}
5854	{5854 -23.4466 [1087, 3084, 4068, 5556, 5626, 5976, 5977, 5979, 6031, 6032]}
5859	{5859 -17.7211 []}
5864	{5864 -19.6321 []}
5869	{5869 -Infinity []}
5874	{5874 -18.6843 []}
5879	{5879 -13.9525 []}
5884	{5884 -11.5033 [6040]}
5889	{5889 -10.5575 []}
5894	{5894 -16.7080 []}
5899	{5899 -20.2303 [17, 96, 3376, 4024, 4987, 5230, 5341, 6056, 6057, 6058]}
5904	{5904 -21.0705 []}
5909	{5909 -17.3653 [282, 342, 1805, 2612, 3963, 4170, 4333, 4365, 5729]}
5914	{5914 -20.9267 []}
5919	{5919 -23.3105 []}
5924	{5924 -15.5879 [276, 619, 1568, 1983, 2276, 3173, 3891, 4052, 5911, 6071]}
5929	{5929 -15.1462 []}
5934	{5934 -13.7878 []}
5939	{5939 -16.9660 [325, 1007, 1952, 2477, 3124, 3416, 3543, 4877, 5896, 6072]}
5944	{5944 -18.8092 [969, 2090, 3488, 3903, 5536, 5607, 6001, 6005, 6076, 6077]}
5949	{5949 -17.8069 []}
5954	{5954 -20.3955 []}
5959	{5959 -22.5171 []}
5964	{5964 -20.3124 []}
5969	{5969 -23.8070 []}
5974	{5974 -15.0950 []}
5979	{5979 -25.2111 []}
5984	{5984 -19.6221 []}
5989	{5989 -19.5804 []}
5994	{5994 -17.9629 [38, 132, 747, 1130, 2556, 3460, 5879, 6105, 6106, 6107]}
5999	{5999 -12.9631 []}
6004	{6004 -22.2366 [583, 1058, 5292, 5940, 6112, 6113, 6114, 6115, 6116]}
6009	{6009 -18.2059 []}
6014	{6014 -23.1237 []}
6019	{6019 -23.1237 []}
6024	{6024 -21.8635 []}
6029	{6029 -25.9931 []}
6034	{6034 -25.9114 []}
6039	{6039 -13.8752 [202, 503, 810, 814, 1915, 2149, 2719, 2755, 2978, 3275 ... (21 more) ]}
6044	{6044 -17.8072 []}
6049	{6049 -16.8705 [157, 500, 664, 1017, 1715, 2991, 3293, 6140, 6141, 6142]}
6054	{6054 -22.4410 []}
6059	{6059 -20.1847 [683]}
6064	{6064 -21.4172 []}
6069	{6069 -23.5782 [158, 490, 650, 1522, 3205, 5133, 5469, 6167, 6168]}
6074	{6074 -12.0300 []}
6079	{6079 -20.2720 [458, 944, 983, 3981, 5016, 5115, 5790, 5802, 6170]}
6084	{6084 -22.9552 []}
6089	{6089 -22.7779 [6237]}
6094	{6094 -20.1624 [1006, 1323, 1333, 2026, 4254, 4297, 6095, 6174, 6175, 6176]}
6099	{6099 -20.1555 [106, 1637, 1915, 2015, 4893, 5714, 5901, 6166, 6179, 6180]}
6104	{6104 -22.0871 []}
6109	{6109 -22.0871 []}
6114	{6114 -24.5966 [424, 858, 1629, 5962, 6189, 6190, 6191, 6192, 6193, 6194]}
6119	{6119 -15.2818 []}
6124	{6124 -25.5892 [311, 510, 962, 2136, 2151, 4885, 4915, 4978, 6176, 6183]}
6129	{6129 -25.5892 []}
6134	{6134 -23.8941 [3960]}
6139	{6139 -20.2717 [187, 257, 301, 558, 1017, 1052, 1797, 3837, 5765, 6197 ... (31 more) ]}
6144	{6144 -25.1604 []}
6149	{6149 -25.1604 []}
6154	{6154 -25.8567 []}
6159	{6159 -17.4717 []}
6164	{6164 -17.4717 []}
6169	{6169 -22.7369 [83, 969, 1679, 3190, 3304, 4654, 4762, 6065, 6234, 6235]}
6174	{6174 -22.6275 [5, 7, 8, 121, 149, 247, 353, 424, 754, 1317]}
6179	{6179 -20.4669 []}
6184	{6184 -28.0542 []}
6189	{6189 -27.0614 []}
6194	{6194 -27.0614 [4934, 5049, 5850, 6289]}
6199	{6199 -24.1477 []}
6204	{6204 -24.1477 []}
6209	{6209 -24.1477 []}
6214	{6214 -24.1477 []}
6219	{6219 -24.1477 []}
6224	{6224 -24.1477 []}
6229	{6229 -21.8009 [983, 1602, 1719, 2693, 3798, 4169, 4235, 6186, 6253, 6254]}
6234	{6234 -25.2025 [5552]}
6239	{6239 -25.0972 [2397, 2854, 5369, 5475, 5960, 6118, 6258, 6259, 6260, 6261]}
6244	{6244 -25.0858 [3270, 3808]}
6249	{6249 -16.7132 [1402, 4068, 4281, 4311, 4540, 4854, 6151, 6268, 6269, 6270]}
6254	{6254 -24.2659 []}
6259	{6259 -27.5620 []}
6264	{6264 -19.1783 [31, 165, 174, 250, 353, 697, 1379, 3056, 5615, 5617]}
6269	{6269 -19.1783 [76, 760, 1611, 1862, 2416, 3767, 6282, 6283]}
6274	{6274 -21.6434 []}
6279	{6279 -19.7378 [115, 1845, 5529, 5970, 6011, 6284, 6285, 6286, 6287, 6288]}
6284	{6284 -22.2030 []}
6289	{6289 -28.6101 []}
6294	{6294 -17.8501 []}
6299	{6299 -26.3349 []}
