1	{1 -Infinity []}
6	{6 -Infinity []}
11	{11 -15.0427 [12, 13, 14, 15, 16, 17, 18, 19, 20, 21]}
16	{16 -17.5078 []}
21	{21 -10.2211 [92, 1702, 1711, 1833, 1916, 1917, 1918, 1919, 1920, 1921]}
26	{26 -Infinity []}
31	{31 -7.9239 [124, 637, 870, 1219, 1954, 2237, 2524, 2630, 3637, 3874]}
36	{36 -20.9352 [3, 123, 126, 145, 174, 179, 247, 249, 264, 424]}
41	{41 -13.5695 []}
46	{46 -Infinity []}
51	{51 -8.9723 []}
56	{56 -12.4800 []}
61	{61 -15.8154 [907, 1922, 1992, 1993, 1994, 1995, 1996, 1997, 1998, 1999]}
66	{66 -Infinity [16, 67, 68, 69, 70, 71, 72, 73, 74, 75]}
71	{71 -12.2895 []}
76	{76 -14.6383 [77, 78, 79, 80, 81, 82, 83, 84, 85, 86]}
81	{81 -12.3396 [1067, 1916, 1984, 1985, 1986, 1987, 1988, 1989, 1990, 1991]}
86	{86 -13.4080 []}
91	{91 -11.4370 [243, 1923, 2194]}
96	{96 -10.3859 []}
101	{101 -13.9043 [143, 147, 249, 251, 264, 369, 422, 559, 718, 2018]}
106	{106 -10.5238 []}
111	{111 -13.0780 [1419, 1561, 1670, 1787, 1846, 2065, 2066, 2067, 2068, 2069]}
116	{116 -11.6177 [510, 1089, 2013, 2030, 2051, 2052, 2053, 2054, 2055, 2056]}
121	{121 -5.4636 []}
126	{126 -7.7169 [127, 369, 696, 698, 754, 755, 946, 947, 2001, 2077]}
131	{131 -12.8307 [93, 1466, 1831, 1994, 2092, 2093, 2094, 2095, 2096, 2097]}
136	{136 -12.7895 [57, 470, 852, 2480, 2984, 3219, 4463, 4944, 4945]}
141	{141 -12.2717 [7, 142, 143, 144, 145, 146, 147, 148, 149, 150]}
146	{146 -7.2052 [7, 285, 3337, 5048, 5171, 5338, 5940, 5941, 5942]}
151	{151 -12.6595 [152, 153, 154, 155, 156, 157, 158, 159, 160, 161]}
156	{156 -10.3390 []}
161	{161 -15.1205 []}
166	{166 -16.9556 []}
171	{171 -11.9552 []}
176	{176 -5.3769 [5, 248, 369, 697, 700, 946, 947, 2001, 2122]}
181	{181 -16.9056 [182, 183, 184, 185, 186, 187, 188, 189, 190, 191]}
186	{186 -19.3708 []}
191	{191 -13.4928 [77, 2190, 2365, 2366, 2367, 2368, 2369, 2370, 2371, 2372]}
196	{196 -18.3645 [246, 424, 659, 809, 2120, 2142, 2143, 2144, 2145, 2146]}
201	{201 -18.3562 [714, 2152, 2153, 2154, 2155, 2156, 2157, 2158, 2159, 2160]}
206	{206 -13.9482 []}
211	{211 -15.2501 [494, 621, 1358, 1412, 2161, 2162, 2163, 2164, 2165, 2166]}
216	{216 -15.3480 []}
221	{221 -15.3447 []}
226	{226 -18.7507 [168, 314, 1114, 1564, 2171, 2172, 2173, 2174, 2175, 2176]}
231	{231 -13.3453 []}
236	{236 -Infinity [24, 237, 238, 239, 240, 241, 242, 243, 244, 245]}
241	{241 -12.6719 [2010, 2186, 2187, 2188]}
246	{246 -6.7005 []}
251	{251 -6.0917 [513, 586, 873, 1064, 1412, 2206, 2207, 2208, 2209, 2210]}
256	{256 -11.5795 []}
261	{261 -8.3880 []}
266	{266 -3.2470 []}
271	{271 -15.4553 []}
276	{276 -15.8103 [272, 274, 600, 1583, 1800, 2247, 2248, 2249]}
281	{281 -12.6229 []}
286	{286 -11.8645 []}
291	{291 -13.4918 []}
296	{296 -12.0283 []}
301	{301 -14.8044 []}
306	{306 -22.7136 []}
311	{311 -11.7330 [127, 143, 251, 252, 264, 369, 753, 1245, 3677]}
316	{316 -Infinity [2267]}
321	{321 -13.3761 [32, 322, 323, 324, 325, 326, 327, 328, 329, 330]}
326	{326 -9.2985 [922, 1004, 2277, 2278, 2279, 2280, 2281, 2282, 2283, 2284]}
331	{331 -11.7964 [100, 332, 333, 334, 335, 336, 337, 338, 339]}
336	{336 -10.2607 []}
341	{341 -11.2881 [370, 862, 1591, 1805, 1891, 2177, 2288, 2289, 2290, 2291]}
346	{346 -10.5168 [238, 343, 1018, 2301, 2302, 2303, 2304, 2305, 2306, 2307]}
351	{351 -6.9746 [121, 176, 352, 353, 354, 355, 356, 357, 358, 359]}
356	{356 -9.3924 [572, 980, 1212, 2321, 2322, 2323, 2324, 2325, 2326, 2327]}
361	{361 -15.8553 []}
366	{366 -Infinity [3, 124, 147, 177, 251, 264, 266, 367, 368, 369]}
371	{371 -13.6477 [4, 7, 9, 148, 251, 264, 265, 367, 422, 1245]}
376	{376 -9.7080 []}
381	{381 -13.5641 [30, 279, 382, 383, 384, 385, 386, 387, 388, 389]}
386	{386 -14.4741 [389, 609, 1077, 1451, 2035, 2360, 2361, 2362, 2363, 2364]}
391	{391 -9.1695 [122, 124, 146, 248, 353, 422, 427, 717, 718, 2338]}
396	{396 -9.1678 []}
401	{401 -14.2123 [122, 124, 127, 146, 247, 264, 422, 423, 427, 559]}
406	{406 -16.3828 [1999]}
411	{411 -13.3019 [96, 835, 1256, 1814, 2266, 2839, 3306, 5013, 5014, 5015]}
416	{416 -14.4019 [640, 1002, 1477, 2013, 2327, 2434, 2435, 2436, 2437, 2438]}
421	{421 -Infinity [8, 122, 123, 125, 264, 352, 390, 422, 423, 424]}
426	{426 -5.6695 []}
431	{431 -Infinity [487, 2214, 2311, 2422, 2423, 2424, 2425, 2426, 2427, 2428]}
436	{436 -12.8697 []}
441	{441 -Infinity []}
446	{446 -18.3675 []}
451	{451 -11.2481 []}
456	{456 -16.0865 []}
461	{461 -17.2042 []}
466	{466 -17.1726 [2447, 2448, 2449, 2450, 2451]}
471	{471 -16.6882 []}
476	{476 -10.0292 []}
481	{481 -15.8775 [4, 124, 265, 353, 368, 369, 695, 700, 946, 947]}
486	{486 -15.6494 []}
491	{491 -5.7272 []}
496	{496 -10.8078 [164, 418, 633, 762, 1471, 2358, 2376, 2472, 2473, 2474]}
501	{501 -24.5567 []}
506	{506 -22.0096 []}
511	{511 -20.6851 []}
516	{516 -Infinity [350, 517, 518, 519, 520, 521, 522, 523, 524, 525]}
521	{521 -15.0335 [27, 117, 325, 577, 578, 579, 580, 581, 582, 583]}
526	{526 -16.6888 [56, 527]}
531	{531 -8.1607 [80, 343, 346, 571, 572, 573, 574, 575, 576]}
536	{536 -10.5571 [1132]}
541	{541 -12.3502 [200, 710, 2534]}
546	{546 -Infinity []}
551	{551 -10.5339 [586, 765, 955, 982, 1288, 1311, 2336, 2516, 2517, 2518]}
556	{556 -15.3181 []}
561	{561 -12.0974 []}
566	{566 -9.5995 []}
571	{571 -10.5109 [721, 765, 804, 1913, 2358, 2474, 2521, 2522, 2523, 2524]}
576	{576 -10.4116 [1827, 2481, 2953, 3171, 4846, 5235, 5236, 5237, 5238, 5239]}
581	{581 -12.6807 [2538]}
586	{586 -8.4685 [8, 126, 128, 149, 175, 247, 248, 666, 717, 754]}
591	{591 -21.4961 []}
596	{596 -21.4961 []}
601	{601 -20.9235 []}
606	{606 -14.1143 [87, 820, 1040, 1097, 1439, 1644, 1730, 2555, 2556, 2557]}
611	{611 -15.1304 [532, 586, 740, 808, 1500, 2265, 2480, 2543, 2544, 2545]}
616	{616 -14.4152 []}
621	{621 -10.3491 []}
626	{626 -11.7312 []}
631	{631 -15.9161 [15, 632, 633, 634, 635]}
636	{636 -Infinity [475, 507, 637, 638, 639, 640, 641, 642, 643]}
641	{641 -Infinity []}
646	{646 -17.0219 [9, 126, 145, 147, 179, 252, 265, 368, 426]}
651	{651 -10.6179 []}
656	{656 -14.7645 [514, 568, 657, 658, 659, 660, 661, 662, 663, 664]}
661	{661 -14.3280 []}
666	{666 -3.2640 []}
671	{671 -13.7766 []}
676	{676 -12.9228 []}
681	{681 -10.6321 []}
686	{686 -13.4330 [1162, 1309, 1573, 1958, 2587, 2588, 2589, 2590, 2591, 2592]}
691	{691 -10.5444 []}
696	{696 -10.1629 []}
701	{701 -19.6264 [118, 499, 506, 702, 703, 704, 705, 706, 707, 708]}
706	{706 -13.8167 [3501, 4623, 4624]}
711	{711 -13.5037 []}
716	{716 -16.5087 [124, 128, 174, 176, 177, 179, 353, 390, 717, 718]}
721	{721 -12.9752 []}
726	{726 -14.2343 [152, 406, 540, 3459, 3654, 3726, 4072, 5137, 5138, 5139]}
731	{731 -8.3316 [649, 982, 1156, 1258, 2053, 2176, 2655, 2656, 2657, 2658]}
736	{736 -13.5613 [443, 737, 738, 739, 740, 741, 742, 743, 744, 745]}
741	{741 -16.0101 [31, 538, 1575, 2272, 2538, 2719, 2720, 2721, 2722, 2723]}
746	{746 -16.9450 []}
751	{751 -10.6202 [31, 124, 146, 266, 367, 427, 559, 667, 856, 2001]}
756	{756 -5.7122 [127, 262, 531, 757, 758, 759, 760, 761, 762, 763]}
761	{761 -8.1773 []}
766	{766 -13.7554 [17, 262, 1332, 1689, 1956, 2330, 2569, 2697, 2698, 2699]}
771	{771 -8.8187 [507, 838, 1003, 1402, 1717, 1896, 1968, 2689, 2705, 2706]}
776	{776 -8.0154 []}
781	{781 -13.8874 []}
786	{786 -13.9749 [15, 331, 1300, 1326, 2091, 2714, 2715, 2716, 2717, 2718]}
791	{791 -15.5017 []}
796	{796 -12.6996 []}
801	{801 -15.2313 [940, 1866, 1867, 2036, 2200, 2724, 2725, 2726, 2727, 2728]}
806	{806 -11.5930 []}
811	{811 -11.3521 [643, 712, 965, 1151, 2176, 2729, 2730, 2731, 2732, 2733]}
816	{816 -10.8602 [1048, 1129, 2237, 2548, 4695, 4844, 4878, 5224, 5628, 5629]}
821	{821 -5.7124 [32, 928, 1223, 1224, 1231, 1873, 2734, 2735, 2736, 2737]}
826	{826 -9.3504 []}
831	{831 -16.3435 []}
836	{836 -14.6950 [837, 838, 839, 840, 841, 842, 843, 844, 845]}
841	{841 -15.9556 []}
846	{846 -16.0936 [152, 602, 847, 848, 849, 850, 851, 852, 853, 854]}
851	{851 -16.6512 []}
856	{856 -6.8068 [5, 7, 145, 149, 174, 179, 180, 1317, 2018]}
861	{861 -14.8254 []}
866	{866 -12.0560 [162, 416, 635, 1351, 1408, 1860, 2326, 2763, 2764, 2765]}
871	{871 -12.3197 []}
876	{876 -12.7173 [541]}
881	{881 -11.4806 [260, 667, 837, 1511, 2579, 2593, 2594, 2595, 2771, 2772]}
886	{886 -13.3887 [329, 887, 888, 889, 890, 891, 892, 893, 894, 895]}
891	{891 -14.4778 []}
896	{896 -Infinity [563, 897, 898, 899, 900, 901, 902, 903, 904, 905]}
901	{901 -16.1222 []}
906	{906 -14.5756 [303, 518, 907, 908, 909, 910, 911, 912, 913]}
911	{911 -11.2800 []}
916	{916 -9.3410 []}
921	{921 -9.3112 []}
926	{926 -11.4792 [241, 347, 356, 478, 572, 2300, 2337, 2821, 2822, 2823]}
931	{931 -15.2004 []}
936	{936 -Infinity []}
941	{941 -14.6168 [6087]}
946	{946 -7.4692 []}
951	{951 -17.7855 []}
956	{956 -19.0660 [2836]}
961	{961 -Infinity [8, 262, 280, 560, 962, 963, 964, 965, 966, 967]}
966	{966 -Infinity []}
971	{971 -13.5855 []}
976	{976 -13.1237 []}
981	{981 -17.3326 [8, 448, 731, 822, 1143, 1974, 2883, 2884, 2885, 2886]}
986	{986 -15.0116 [145, 146, 251, 264, 367, 559, 666, 667, 1245]}
991	{991 -15.0876 []}
996	{996 -15.8103 [77, 997, 998]}
1001	{1001 -10.4090 [614, 788, 1071, 1100, 1291, 2198, 2931, 2932, 2933, 2934 ... (2 more) ]}
1006	{1006 -22.6275 []}
1011	{1011 -19.4962 [3044]}
1016	{1016 -14.8906 []}
1021	{1021 -5.6431 []}
1026	{1026 -12.5854 [129, 177, 251, 1246, 2199, 2366, 2791, 2937, 2938, 2939]}
1031	{1031 -12.6148 []}
1036	{1036 -5.7111 []}
1041	{1041 -13.5507 [69, 529, 621, 789, 1042, 1043, 1044, 1045, 1046, 1047]}
1046	{1046 -16.0157 [3, 17, 31, 146, 147, 175, 250, 368, 1245]}
1051	{1051 -14.2694 []}
1056	{1056 -9.0470 []}
1061	{1061 -10.7482 []}
1066	{1066 -13.6822 []}
1071	{1071 -8.0054 []}
1076	{1076 -19.5690 []}
1081	{1081 -17.1344 [512, 922, 940, 1720, 2978, 2979, 2980, 2981, 2982, 2983]}
1086	{1086 -12.4360 [152, 219, 424, 1457, 1824, 2124, 2984, 2985, 2986]}
1091	{1091 -16.4095 [95, 309, 434, 909, 1092, 1093, 1094, 1095, 1096, 1097]}
1096	{1096 -17.8961 []}
1101	{1101 -Infinity []}
1106	{1106 -16.6820 []}
1111	{1111 -Infinity [435, 1618, 1645, 1982, 2163, 3018, 3019, 3020, 3021, 3022]}
1116	{1116 -15.2749 []}
1121	{1121 -Infinity []}
1126	{1126 -19.5437 [3147, 3148]}
1131	{1131 -17.8132 []}
1136	{1136 -15.2131 [553, 856, 1137, 1138, 1139, 1140, 1141, 1142, 1143, 1144]}
1141	{1141 -15.9882 [162, 490, 1122, 1949, 2353, 3023, 3024, 3025, 3026, 3027]}
1146	{1146 -15.2714 [2430, 3180]}
1151	{1151 -13.7851 []}
1156	{1156 -10.7770 []}
1161	{1161 -Infinity [3, 5, 8, 121, 122, 124, 144, 145, 177, 248]}
1166	{1166 -15.5447 []}
1171	{1171 -14.6426 []}
1176	{1176 -12.7761 [124, 147, 251, 266, 367, 368, 422, 2001, 2018]}
1181	{1181 -Infinity [1182, 1183, 1184, 1185, 1186, 1187, 1188, 1189, 1190, 1191]}
1186	{1186 -Infinity []}
1191	{1191 -17.1039 [116, 1076, 1079, 1331, 1339, 1340, 1341, 1342, 1343, 1344]}
1196	{1196 -12.4187 []}
1201	{1201 -Infinity []}
1206	{1206 -Infinity []}
1211	{1211 -15.4100 [1800]}
1216	{1216 -15.8866 [1591, 1749]}
1221	{1221 -14.2863 []}
1226	{1226 -Infinity []}
1231	{1231 -8.1774 []}
1236	{1236 -17.8081 []}
1241	{1241 -Infinity [1492]}
1246	{1246 -7.5776 []}
1251	{1251 -16.8135 [262, 416, 1057, 1252, 1253, 1254, 1255, 1256, 1257, 1258]}
1256	{1256 -15.7376 [3114]}
1261	{1261 -21.4056 []}
1266	{1266 -19.3962 [906]}
1271	{1271 -16.4461 []}
1276	{1276 -15.4027 [901, 2075, 2585, 2874, 3128, 3153, 3154, 3155, 3156, 3157]}
1281	{1281 -15.3661 [483, 833, 1431, 1509, 2034, 2236, 3133, 3134, 3135, 3136]}
1286	{1286 -Infinity [391, 1056, 1100, 1287, 1288, 1289, 1290, 1291, 1292, 1293]}
1291	{1291 -12.9142 []}
1296	{1296 -Infinity []}
1301	{1301 -14.0233 [866, 1305, 1345, 1346, 1347, 1348, 1349, 1350, 1351]}
1306	{1306 -13.6405 []}
1311	{1311 -12.9080 []}
1316	{1316 -14.3553 []}
1321	{1321 -13.7970 []}
1326	{1326 -8.1723 [335, 2722, 3192, 3193, 3194]}
1331	{1331 -16.1004 [390, 548, 892, 1332, 1333, 1334, 1335, 1336, 1337, 1338]}
1336	{1336 -10.9522 [260]}
1341	{1341 -17.9220 [63, 435, 740, 1754, 2125, 2217, 2524, 2740, 3204, 3205]}
1346	{1346 -16.3831 [1730, 1766, 2503, 2708, 3177, 3187, 3188, 3189, 3190, 3191]}
1351	{1351 -14.3767 []}
1356	{1356 -15.3548 [48, 270, 281, 472, 1357, 1358, 1359, 1360, 1361]}
1361	{1361 -13.8885 [62, 706, 710, 1814, 2209, 3237, 3238, 3239, 3240, 3241]}
1366	{1366 -15.6445 [1152, 2093, 2215, 2561, 2789, 3214, 3215, 3216, 3217]}
1371	{1371 -13.8518 []}
1376	{1376 -10.1856 []}
1381	{1381 -23.0024 []}
1386	{1386 -24.1087 []}
1391	{1391 -11.4395 []}
1396	{1396 -10.1415 [266, 437, 459, 1178, 1409, 1504, 1800, 1842, 2871, 3281]}
1401	{1401 -15.2118 [510, 677, 736, 2546, 3169, 3254, 3255, 3256, 3257]}
1406	{1406 -Infinity []}
1411	{1411 -17.3658 [558, 576, 1412, 1413, 1414, 1415, 1416, 1417, 1418]}
1416	{1416 -19.7256 []}
1421	{1421 -16.3304 []}
1426	{1426 -10.3752 [92, 368, 425, 799, 1339, 2015, 2588, 3951, 4635, 4970]}
1431	{1431 -10.3671 [123, 127, 238, 247, 249, 251, 367, 717, 1245, 3290]}
1436	{1436 -14.7690 []}
1441	{1441 -7.8225 [567, 1957, 2493, 3093, 3187, 3298, 3299, 3300, 3301]}
1446	{1446 -Infinity []}
1451	{1451 -8.6183 []}
1456	{1456 -11.1110 []}
1461	{1461 -26.7723 []}
1466	{1466 -12.5802 [132, 214, 451, 1162, 2013, 2524, 3313, 3314, 3315, 3316]}
1471	{1471 -13.2669 []}
1476	{1476 -11.8315 [686, 1390, 3017, 3077, 3317, 3318, 3319, 3320, 3321, 3322]}
1481	{1481 -10.4411 []}
1486	{1486 -11.4829 []}
1491	{1491 -11.8310 []}
1496	{1496 -24.1283 []}
1501	{1501 -14.9395 []}
1506	{1506 -15.3219 [1090, 1507, 1508, 1509, 1510, 1511, 1512, 1513, 1514, 1515]}
1511	{1511 -11.9986 []}
1516	{1516 -11.5360 []}
1521	{1521 -Infinity []}
1526	{1526 -12.9624 []}
1531	{1531 -11.9718 [125, 1257, 1532, 1533, 1534, 1535, 1536, 1537, 1538, 1539]}
1536	{1536 -14.3522 [1050]}
1541	{1541 -12.7035 [3, 122, 325, 548, 679, 1245, 2039, 3096, 3323, 3347]}
1546	{1546 -12.5933 [1547, 1548, 1549, 1550, 1551, 1552, 1553, 1554, 1555, 1556]}
1551	{1551 -15.0584 []}
1556	{1556 -10.0984 [123, 700, 792, 859, 1491, 2184, 3373, 3374, 3375, 3376]}
1561	{1561 -12.7992 [122, 127, 129, 176, 177, 238, 251, 352, 353, 1245]}
1566	{1566 -Infinity [297, 338, 1192, 1425, 2450, 3351, 3352, 3353, 3354, 3355]}
1571	{1571 -14.1335 []}
1576	{1576 -15.2680 []}
1581	{1581 -11.4798 []}
1586	{1586 -19.4555 [4, 8, 147, 148, 174, 352, 368, 424, 856, 2098]}
1591	{1591 -9.3051 []}
1596	{1596 -Infinity [298, 465, 1597, 1598, 1599, 1600, 1601, 1602, 1603, 1604]}
1601	{1601 -15.1159 [125, 126, 129, 148, 149, 179, 247, 248, 717, 754]}
1606	{1606 -9.4177 []}
1611	{1611 -19.9763 []}
1616	{1616 -18.6510 [288, 1595, 1617, 1618, 1619, 1620, 1621, 1622, 1623, 1624]}
1621	{1621 -21.1162 []}
1626	{1626 -13.8954 [340, 637, 860, 2075, 2410, 2570, 3110, 3379, 3380, 3381]}
1631	{1631 -11.7107 []}
1636	{1636 -13.4269 [197, 1553, 1672, 2629, 3033, 3389, 3390, 3391, 3392, 3393]}
1641	{1641 -19.0307 [604, 1077, 1097, 1642, 1643, 1644, 1645, 1646, 1647]}
1646	{1646 -21.3903 []}
1651	{1651 -11.2709 [129, 262, 855, 1318, 1974, 2974, 3399, 3400, 3401, 3402]}
1656	{1656 -12.3190 [2729, 5140]}
1661	{1661 -16.3892 []}
1666	{1666 -13.7997 [325, 633, 1339, 2275, 3228, 3385, 4109, 4499, 4803]}
1671	{1671 -11.4310 []}
1676	{1676 -15.3613 [3, 5, 7, 8, 122, 123, 149, 174, 251, 717]}
1681	{1681 -Infinity []}
1686	{1686 -19.7488 []}
1691	{1691 -14.7277 [3669]}
1696	{1696 -Infinity []}
1701	{1701 -10.4881 [612, 1659, 1805, 1939, 2188, 3459, 3460, 3461, 3462]}
1706	{1706 -12.5519 [8, 121, 123, 128, 179, 238, 247, 248, 264, 353]}
1711	{1711 -12.5871 [2707]}
1716	{1716 -17.5146 []}
1721	{1721 -16.8536 [211, 706, 1104, 2127, 2373, 2430, 2720, 3006, 3476]}
1726	{1726 -8.9636 []}
1731	{1731 -14.7451 []}
1736	{1736 -18.4472 []}
1741	{1741 -12.2568 []}
1746	{1746 -Infinity [255, 406, 538, 889, 2084, 2314, 2547, 3503, 3504, 3505]}
1751	{1751 -19.1471 [103, 123, 3513, 3514, 3515]}
1756	{1756 -14.8195 []}
1761	{1761 -17.1241 []}
1766	{1766 -9.9878 [2218, 2370, 3680, 3681]}
1771	{1771 -17.9558 []}
1776	{1776 -15.1025 []}
1781	{1781 -14.5296 []}
1786	{1786 -9.7317 [122, 125, 142, 146, 248, 249, 264, 367, 1245]}
1791	{1791 -15.3129 []}
1796	{1796 -18.6388 []}
1801	{1801 -10.5208 []}
1806	{1806 -13.4879 [124, 251, 368, 369, 422, 718, 754, 856, 2018, 3216]}
1811	{1811 -13.4867 [117, 522, 711, 1636, 1650, 2792, 3542, 3543, 3544, 3545]}
1816	{1816 -15.0104 [628, 820, 1258, 2873, 2975, 3262, 3446, 3551, 3552, 3553]}
1821	{1821 -19.0304 [112, 690, 703, 1636, 1703, 1822, 1823, 1824, 1825, 1826]}
1826	{1826 -17.3393 []}
1831	{1831 -12.7259 [3568]}
1836	{1836 -19.5177 [112, 298, 579, 627, 894, 2485, 2730, 3569, 3570]}
1841	{1841 -19.3832 []}
1846	{1846 -11.6117 []}
1851	{1851 -Infinity []}
1856	{1856 -Infinity [289, 1211, 1857, 1858, 1859, 1860, 1861, 1862, 1863]}
1861	{1861 -14.6479 []}
1866	{1866 -10.1264 [4, 123, 127, 368, 390, 1245, 2572, 3675, 3676]}
1871	{1871 -15.4483 [3491]}
1876	{1876 -Infinity [1288]}
1881	{1881 -14.9174 [263, 1085, 1456, 2397, 3392, 3479, 3632, 3633, 3634, 3635]}
1886	{1886 -12.5169 []}
1891	{1891 -12.9287 [199, 538, 725, 852, 1397, 2914, 3166, 3670, 3671, 3672]}
1896	{1896 -9.1751 [1118, 1227, 1334, 1556, 1980, 2333, 3672, 3677, 3678, 3679]}
1901	{1901 -5.7271 []}
1906	{1906 -9.8802 []}
1911	{1911 -10.9551 []}
1916	{1916 -12.5476 []}
1921	{1921 -12.6862 []}
1926	{1926 -13.5655 [982, 1929, 2090, 2317, 2407, 3107, 3696, 3697, 3698, 3699]}
1931	{1931 -16.0896 []}
1936	{1936 -11.8677 []}
1941	{1941 -16.7136 [749, 1362, 2785, 3136, 3599, 3708, 3709, 3710, 3711, 3712]}
1946	{1946 -11.4066 [440, 984, 2486, 2600, 3058, 3070, 3310, 3725]}
1951	{1951 -11.4375 [3113]}
1956	{1956 -9.2732 []}
1961	{1961 -12.3790 []}
1966	{1966 -17.7552 []}
1971	{1971 -16.7592 [769, 774, 1127, 1341, 2847, 3737, 3738, 3739, 3740, 3741]}
1976	{1976 -15.0598 []}
1981	{1981 -15.5731 [451, 1724, 2255, 2524, 3758, 3759, 3760, 3761, 3762, 3763]}
1986	{1986 -14.8047 [1103]}
1991	{1991 -14.8047 []}
1996	{1996 -18.2806 [909, 1297, 1535, 1571, 2201, 2265, 2942, 3193, 3765, 3766]}
2001	{2001 -6.9527 [253, 261, 924, 1606, 1867, 2071, 2281, 3336, 3771, 3772]}
2006	{2006 -14.4318 []}
2011	{2011 -13.4050 []}
2016	{2016 -10.5804 []}
2021	{2021 -13.5209 []}
2026	{2026 -10.5012 []}
2031	{2031 -13.6408 []}
2036	{2036 -11.6103 []}
2041	{2041 -11.5683 []}
2046	{2046 -16.0497 [7, 9, 122, 127, 145, 248, 249, 251, 353, 369]}
2051	{2051 -13.1784 []}
2056	{2056 -14.0532 [10, 127, 145, 175, 176, 247, 353, 369, 629, 993]}
2061	{2061 -8.6574 []}
2066	{2066 -13.3791 [4, 17, 144, 145, 148, 149, 179, 424, 559, 856]}
2071	{2071 -8.6577 []}
2076	{2076 -7.7411 []}
2081	{2081 -10.0187 []}
2086	{2086 -11.3779 [381, 1070, 1587, 1688, 2720, 2783, 3842, 3843, 3844, 3845]}
2091	{2091 -16.1690 [681, 979, 1212, 2326, 2385, 2395, 3460, 3864, 3865, 3866]}
2096	{2096 -12.1818 [7, 147, 248, 250, 289, 353, 390, 753, 754, 762]}
2101	{2101 -15.1678 []}
2106	{2106 -14.3333 []}
2111	{2111 -12.0252 []}
2116	{2116 -17.3473 [510, 1018, 1633, 2069, 2130, 3724, 3875, 3876, 3877, 3878]}
2121	{2121 -17.3473 []}
2126	{2126 -15.7162 []}
2131	{2131 -10.9916 []}
2136	{2136 -28.0542 [3888]}
2141	{2141 -16.4971 []}
2146	{2146 -16.4425 [4, 5, 9, 10, 147, 266, 368, 423, 1245]}
2151	{2151 -14.2552 []}
2156	{2156 -20.0519 [1016, 2309, 2354, 3300, 3431, 5343, 5468, 5958, 5959, 5960]}
2161	{2161 -17.7118 []}
2166	{2166 -11.4749 []}
2171	{2171 -21.2157 [3907]}
2176	{2176 -10.7490 [3, 175, 266, 368, 390, 423, 427, 697, 1245]}
2181	{2181 -11.2823 [63, 291, 307, 1873, 2546, 2554, 2646, 2697, 3204, 3335]}
2186	{2186 -12.9701 []}
2191	{2191 -14.2005 []}
2196	{2196 -12.2801 []}
2201	{2201 -14.7060 [1511, 1815, 1944, 2090, 2416, 2943, 2981, 3205, 3319, 3928]}
2206	{2206 -8.5568 []}
2211	{2211 -10.1133 []}
2216	{2216 -10.1129 []}
2221	{2221 -10.7947 [152, 219, 976, 1044, 1235, 2248, 2673, 3589, 3929]}
2226	{2226 -5.6394 [260, 282, 822, 889, 1143, 1975, 2042, 2414, 2867, 3933]}
2231	{2231 -14.6167 [132, 686, 970, 1598, 2802, 3938, 3939, 3940, 3941, 3942]}
2236	{2236 -14.1672 []}
2241	{2241 -12.5697 [3, 163, 1056, 1362, 1539, 2097, 2579, 3946, 3947, 3948]}
2246	{2246 -15.1899 []}
2251	{2251 -16.6024 []}
2256	{2256 -24.7265 []}
2261	{2261 -14.0413 [122, 124, 128, 129, 176, 249, 264, 367, 368, 369]}
2266	{2266 -14.2493 []}
2271	{2271 -12.8158 []}
2276	{2276 -10.6154 []}
2281	{2281 -9.3263 [344, 930, 1744, 2275, 2292, 2498, 3296, 3569, 3962, 3963]}
2286	{2286 -16.1974 [123, 124, 179, 238, 367, 423, 427, 853, 2059, 3764]}
2291	{2291 -13.4289 []}
2296	{2296 -17.1468 [3987]}
2301	{2301 -12.9819 []}
2306	{2306 -12.1378 []}
2311	{2311 -11.8615 []}
2316	{2316 -18.3852 []}
2321	{2321 -11.8575 []}
2326	{2326 -11.7891 [3343, 4130]}
2331	{2331 -15.6395 [5437]}
2336	{2336 -11.6158 [158, 1227, 1892, 2099, 2528, 2538, 2799, 2805, 3136, 4041]}
2341	{2341 -14.9786 []}
2346	{2346 -15.8306 []}
2351	{2351 -15.8306 [1248, 1335, 1779, 2669, 2792, 3172, 3580, 3935, 4035]}
2356	{2356 -13.6192 [38, 215, 962, 1522, 2007, 4035, 4036, 4037, 4038]}
2361	{2361 -12.1323 [325, 2662, 2911, 3384, 4088]}
2366	{2366 -12.9361 []}
2371	{2371 -15.9579 []}
2376	{2376 -11.4583 [94, 522, 802, 1332, 1738, 2658, 2906, 3357, 4065]}
2381	{2381 -11.5095 [193, 924, 1243, 1297, 1515, 1868, 2213, 4066, 4067, 4068]}
2386	{2386 -11.6344 []}
2391	{2391 -14.8426 [478, 986, 1370, 3457, 3487, 4075, 4076, 4077, 4078, 4079]}
2396	{2396 -10.9498 [20, 1162, 1670, 2173, 3059, 4004, 4082, 4083, 4084]}
2401	{2401 -10.9552 []}
2406	{2406 -9.9970 []}
2411	{2411 -7.9230 [246, 351, 503, 944, 2077, 2593, 3229, 4089, 4090, 4091]}
2416	{2416 -17.1568 []}
2421	{2421 -10.6485 []}
2426	{2426 -Infinity []}
2431	{2431 -12.9817 []}
2436	{2436 -16.8670 []}
2441	{2441 -12.5782 []}
2446	{2446 -21.8635 []}
2451	{2451 -13.1487 [81, 892, 2345, 3205, 3442, 3719, 3735, 4121, 4122, 4123]}
2456	{2456 -13.0972 [942]}
2461	{2461 -14.6693 [559, 1005, 1081, 1425, 1549, 2791, 2796, 4044, 4112, 4113]}
2466	{2466 -13.0561 []}
2471	{2471 -14.1373 [57, 272, 274, 834, 1583, 2102, 2141, 2635, 4120]}
2476	{2476 -7.3934 []}
2481	{2481 -12.7754 []}
2486	{2486 -13.5768 [133, 309, 478, 691, 1019, 1235, 1317, 2196, 4127, 4128]}
2491	{2491 -13.6194 []}
2496	{2496 -17.5503 []}
2501	{2501 -15.5346 [5, 123, 125, 126, 129, 144, 148, 149, 248, 1317]}
2506	{2506 -19.9636 [983, 2223, 2646, 2733, 3569, 3772, 3894, 4061, 4141, 4142]}
2511	{2511 -17.2296 []}
2516	{2516 -12.8213 []}
2521	{2521 -12.9760 []}
2526	{2526 -19.9637 []}
2531	{2531 -13.7415 []}
2536	{2536 -14.2960 [2254]}
2541	{2541 -18.7849 []}
2546	{2546 -13.2603 [2, 3, 8, 147, 247, 351, 1317, 2064, 4161, 4162]}
2551	{2551 -12.0988 [962]}
2556	{2556 -16.4104 []}
2561	{2561 -14.6733 []}
2566	{2566 -15.2804 []}
2571	{2571 -14.8086 []}
2576	{2576 -12.9832 [111, 3699, 4004, 4175, 4176]}
2581	{2581 -9.4969 [129, 171, 889, 2553, 3109, 4009, 4201, 4202, 4203, 4204]}
2586	{2586 -17.5551 []}
2591	{2591 -15.8981 [1162, 2463, 3677, 4082, 4083, 4133, 4187, 4188, 4189]}
2596	{2596 -11.1727 [1491, 1689, 2083, 3681, 3953, 4194, 4195, 4196, 4197, 4198]}
2601	{2601 -7.8985 []}
2606	{2606 -13.4554 [7, 123, 125, 145, 148, 177, 179, 247, 559, 2018]}
2611	{2611 -14.8253 [1956]}
2616	{2616 -10.0033 []}
2621	{2621 -12.8407 [4, 146, 368, 390, 422, 423, 856, 1245, 1317, 2001]}
2626	{2626 -16.8412 [4227]}
2631	{2631 -10.6484 []}
2636	{2636 -11.7554 []}
2641	{2641 -14.5119 []}
2646	{2646 -10.2868 [1544, 1854, 1936, 3105, 3608, 3731, 4236, 4237]}
2651	{2651 -13.5055 []}
2656	{2656 -10.7967 []}
2661	{2661 -13.0400 []}
2666	{2666 -8.0943 [8, 1036, 1482, 1485, 2035, 4868, 5154, 5806, 5807, 5808]}
2671	{2671 -13.9385 []}
2676	{2676 -16.3762 [63]}
2681	{2681 -14.8491 [222, 325, 1022, 1064, 1109, 2885, 3217, 3252, 3572, 3848]}
2686	{2686 -16.8823 []}
2691	{2691 -15.8967 []}
2696	{2696 -15.9056 []}
2701	{2701 -14.7497 []}
2706	{2706 -11.2090 []}
2711	{2711 -8.0957 []}
2716	{2716 -16.3091 [196, 524, 1765, 2452, 3058, 3138, 4274, 4275, 4276, 4277]}
2721	{2721 -14.0629 [959, 1526, 2341, 2397, 2524, 3215, 3441, 3695, 4290]}
2726	{2726 -10.4588 []}
2731	{2731 -13.8172 []}
2736	{2736 -8.1766 []}
2741	{2741 -16.9836 []}
2746	{2746 -10.2986 []}
2751	{2751 -12.0869 [4, 147, 180, 249, 367, 368, 369, 390, 422, 856]}
2756	{2756 -10.9425 []}
2761	{2761 -9.9067 [222, 1780, 2008, 2048, 2086, 3484, 3981, 4093, 4298, 4299]}
2766	{2766 -15.9176 []}
2771	{2771 -13.9457 []}
2776	{2776 -14.3759 []}
2781	{2781 -10.4773 [1980]}
2786	{2786 -13.9700 []}
2791	{2791 -10.3002 []}
2796	{2796 -16.4096 [3, 5, 7, 8, 125, 126, 149, 247, 249, 424]}
2801	{2801 -15.4192 []}
2806	{2806 -16.4818 []}
2811	{2811 -11.6156 []}
2816	{2816 -11.6156 []}
2821	{2821 -13.9443 [73, 176, 353, 354, 367, 667, 823, 1091, 1267, 4320]}
2826	{2826 -17.1671 [249, 1400, 2287, 2541, 2558, 2923, 4336, 5277, 5516, 5517]}
2831	{2831 -Infinity [133, 397, 398, 982, 3221, 3981, 4326, 4327, 4328, 4329]}
2836	{2836 -18.8201 []}
2841	{2841 -14.0366 []}
2846	{2846 -15.2537 []}
2851	{2851 -16.8963 []}
2856	{2856 -20.4995 []}
2861	{2861 -12.2276 [7, 143, 147, 174, 175, 368, 559, 666, 754, 2018]}
2866	{2866 -12.8960 [364, 619, 706, 1620, 1787, 2089, 3017, 3156, 3930, 4368]}
2871	{2871 -12.4598 [13, 554, 1756, 3247, 3485, 3489, 3959, 4342, 4343]}
2876	{2876 -15.9655 []}
2881	{2881 -15.2593 [4, 144, 148, 175, 180, 266, 424, 666, 886, 2018]}
2886	{2886 -15.7766 [121, 125, 129, 146, 176, 238, 248, 264, 352, 427]}
2891	{2891 -14.7423 []}
2896	{2896 -14.7998 []}
2901	{2901 -15.6419 [3, 8, 123, 128, 146, 177, 179, 248, 390, 1245]}
2906	{2906 -12.3397 [301, 692, 2106, 2670, 2916, 3188, 4334, 4402, 4403, 4404]}
2911	{2911 -10.2987 []}
2916	{2916 -12.1654 []}
2921	{2921 -17.1039 [296, 828, 944, 1456, 2354, 3139, 3779, 4248, 4407, 4408]}
2926	{2926 -16.4329 [664]}
2931	{2931 -12.3814 []}
2936	{2936 -12.8986 [534, 2414, 3772, 4412, 4413, 4414]}
2941	{2941 -12.2292 []}
2946	{2946 -16.3310 [1787, 1939, 2190, 4005, 4007, 4354, 4429, 4430, 4431, 4432]}
2951	{2951 -8.9265 []}
2956	{2956 -12.8878 []}
2961	{2961 -11.6822 [345, 415, 937, 1001, 2377, 3242, 3906, 4192, 4433, 4434]}
2966	{2966 -11.6798 []}
2971	{2971 -13.4620 []}
2976	{2976 -9.4731 []}
2981	{2981 -15.6938 []}
2986	{2986 -14.7280 [3, 121, 128, 143, 147, 176, 177, 264, 422, 718]}
2991	{2991 -19.3279 [1335, 2394, 2663, 2787, 3244, 3815, 4423, 4446, 4447, 4448]}
2996	{2996 -13.9933 []}
3001	{3001 -14.0930 [200]}
3006	{3006 -13.0973 []}
3011	{3011 -18.2010 [94, 352, 466, 1022, 2628, 3587, 4453, 4454, 4455, 4456]}
3016	{3016 -14.6960 [995, 1034, 2148, 3070, 3740, 4532, 5179, 5324, 5325, 5326]}
3021	{3021 -13.0858 []}
3026	{3026 -18.4533 [3, 123, 128, 129, 143, 146, 177, 251, 367, 1245]}
3031	{3031 -12.1260 []}
3036	{3036 -20.2178 []}
3041	{3041 -17.2051 [134, 365, 1061, 3207, 3819, 3867, 4136, 4193, 4484, 4485]}
3046	{3046 -13.4587 [715, 1762, 1865, 2358, 2563, 2700, 3109, 4012, 4658, 5634]}
3051	{3051 -18.5856 []}
3056	{3056 -14.1693 [290, 520, 1493, 2150, 2334, 3833, 4481, 4482, 4483]}
3061	{3061 -14.8774 [4, 126, 144, 689, 4428, 4451, 4486, 4487, 4488]}
3066	{3066 -9.0558 [816, 926, 1568, 1671, 4640, 4714, 5001, 5403, 5404, 5405]}
3071	{3071 -14.8827 []}
3076	{3076 -17.7344 []}
3081	{3081 -13.2892 [9, 549, 1480, 2089, 2385, 2719, 3039, 4278, 4503, 4504]}
3086	{3086 -17.3765 [327, 1087, 1689, 2195, 3823, 4505, 4506, 4507, 4508, 4509]}
3091	{3091 -17.5305 []}
3096	{3096 -11.7623 [654, 1289, 1860, 4459, 4512, 4517, 4518, 4519, 4520]}
3101	{3101 -Infinity []}
3106	{3106 -15.2457 [2543]}
3111	{3111 -15.6563 []}
3116	{3116 -14.6545 []}
3121	{3121 -13.3679 []}
3126	{3126 -13.5222 [113]}
3131	{3131 -17.7808 []}
3136	{3136 -13.3671 []}
3141	{3141 -11.2270 []}
3146	{3146 -13.7836 []}
3151	{3151 -16.2037 []}
3156	{3156 -10.6298 [477, 710, 2347, 2540, 3489, 4344, 4563, 4564, 4565]}
3161	{3161 -15.6110 []}
3166	{3166 -5.7189 []}
3171	{3171 -10.5349 [113, 870, 997, 3995, 4017, 4120, 4206, 4402, 4569, 4570]}
3176	{3176 -14.7174 [3, 8, 127, 129, 146, 176, 246, 426, 1245, 2098]}
3181	{3181 -20.0865 []}
3186	{3186 -22.0339 []}
3191	{3191 -15.8951 [101, 1171, 1235, 2335, 2575, 3134, 3140, 3339, 4580, 4581]}
3196	{3196 -10.3182 []}
3201	{3201 -10.5326 []}
3206	{3206 -14.5104 [2909, 3403, 3489, 4588, 4589]}
3211	{3211 -13.9632 []}
3216	{3216 -8.0947 []}
3221	{3221 -15.7004 []}
3226	{3226 -14.7962 []}
3231	{3231 -13.6546 []}
3236	{3236 -17.6914 [17, 145, 175, 179, 180, 424, 717, 736, 754, 2001]}
3241	{3241 -12.8159 []}
3246	{3246 -Infinity [268, 576, 840, 1797, 3956, 4608, 4629, 4630, 4631, 4632]}
3251	{3251 -15.0526 []}
3256	{3256 -16.8002 [762, 1361, 2222, 2753, 3358, 3467, 4139, 4636, 4637]}
3261	{3261 -13.3528 []}
3266	{3266 -12.5625 [651, 1935, 2032, 2724, 2948, 3066, 4638, 4639]}
3271	{3271 -15.5321 []}
3276	{3276 -19.8603 [5, 8, 31, 149, 176, 352, 353, 558, 754]}
3281	{3281 -12.6066 [3070, 3122, 3326, 4581, 4641, 4648, 4649, 4650, 4651, 4652]}
3286	{3286 -15.3718 []}
3291	{3291 -16.5371 []}
3296	{3296 -11.4544 [918, 2027, 2067, 3714, 4204, 4657, 4658, 4659, 4660, 4661]}
3301	{3301 -10.1747 []}
3306	{3306 -14.3826 []}
3311	{3311 -12.9775 [493, 498, 560, 767, 2293]}
3316	{3316 -14.5392 []}
3321	{3321 -14.2966 [1913, 1926, 2433, 4014, 4675]}
3326	{3326 -14.3368 [418, 1021, 1030, 1240, 3478, 3499, 4430, 4583, 4673, 4674]}
3331	{3331 -16.0340 []}
3336	{3336 -9.3236 []}
3341	{3341 -14.1358 [18, 551, 952, 1388, 3421, 3852, 4043, 4685, 4686, 4687]}
3346	{3346 -12.8254 [75, 759, 1583, 2248, 2490, 3966, 4281, 4464, 4683, 4684]}
3351	{3351 -20.1412 []}
3356	{3356 -17.6354 [127, 128, 246, 248, 352, 353, 422, 427, 667, 856]}
3361	{3361 -15.1515 []}
3366	{3366 -10.3646 []}
3371	{3371 -14.2170 [265, 385, 4707, 4708]}
3376	{3376 -10.6310 []}
3381	{3381 -16.3605 []}
3386	{3386 -12.1990 []}
3391	{3391 -15.8920 []}
3396	{3396 -Infinity [163, 266, 894, 2196, 2221, 2443, 4402, 4689, 4733, 4734]}
3401	{3401 -13.7360 []}
3406	{3406 -17.2988 [1367, 3292, 3991, 4739, 4740]}
3411	{3411 -15.9521 [440, 793, 892, 1120, 1439, 1507, 2769, 4750, 4751]}
3416	{3416 -8.0948 []}
3421	{3421 -14.9842 []}
3426	{3426 -15.9053 []}
3431	{3431 -15.9039 [2077, 2411, 4824]}
3436	{3436 -15.9053 []}
3441	{3441 -16.3503 [803, 1750, 2299, 2646, 3024, 3439, 3440, 3654, 4838, 4839 ... (4 more) ]}
3446	{3446 -16.9136 []}
3451	{3451 -18.3258 [833, 1599, 1845, 1881, 1889, 3218, 3446, 4541, 4759, 4760]}
3456	{3456 -12.8672 []}
3461	{3461 -12.8088 []}
3466	{3466 -12.8199 [50, 51, 732, 1313, 1325, 1980, 2309, 2984, 3141, 3405]}
3471	{3471 -10.5301 [714, 2425, 2517, 3386, 4854]}
3476	{3476 -18.8539 []}
3481	{3481 -15.6852 []}
3486	{3486 -13.6547 []}
3491	{3491 -14.8853 []}
3496	{3496 -18.1784 [566, 645, 674, 884, 1926, 2302, 2857, 3768, 4655]}
3501	{3501 -15.0684 []}
3506	{3506 -16.2380 []}
3511	{3511 -16.0714 []}
3516	{3516 -12.6904 []}
3521	{3521 -26.6232 [629, 711, 1049, 2594, 2650, 2779, 4096, 4794, 4795, 4796]}
3526	{3526 -15.2231 [3, 8, 121, 122, 123, 129, 367, 422, 424, 667]}
3531	{3531 -16.5891 [38, 412, 2266, 2583, 3441, 3619, 3671, 3674, 3868, 4033]}
3536	{3536 -14.7468 [751, 1802, 3795, 3918, 4804, 4805, 4806, 4807]}
3541	{3541 -Infinity []}
3546	{3546 -14.8866 []}
3551	{3551 -8.8066 [3, 122, 125, 126, 144, 145, 174, 248, 264, 367]}
3556	{3556 -21.1497 []}
3561	{3561 -21.5030 []}
3566	{3566 -15.0107 [828, 1289, 1491, 2826, 3928, 4104, 4655, 4751, 4825, 4826]}
3571	{3571 -16.9311 [199, 293, 364, 659, 1259, 1266, 2020, 4831, 4832, 4833]}
3576	{3576 -12.7669 []}
3581	{3581 -12.1663 [3750]}
3586	{3586 -11.7139 []}
3591	{3591 -Infinity []}
3596	{3596 -14.4722 []}
3601	{3601 -15.6075 []}
3606	{3606 -15.7581 []}
3611	{3611 -Infinity []}
3616	{3616 -10.9707 [321, 699, 3115, 3934, 4858, 4859, 4860, 4861, 4862, 4863]}
3621	{3621 -16.9766 [4159]}
3626	{3626 -10.5502 [102, 1262, 1647, 3615, 4412]}
3631	{3631 -22.3287 [788]}
3636	{3636 -10.5352 []}
3641	{3641 -14.1927 []}
3646	{3646 -14.1927 []}
3651	{3651 -14.1927 []}
3656	{3656 -14.1927 []}
3661	{3661 -14.1830 []}
3666	{3666 -14.1927 []}
3671	{3671 -14.7338 []}
3676	{3676 -12.4861 [102, 327, 551, 707, 825, 979, 1010, 1115, 3423, 4295]}
3681	{3681 -11.4194 []}
3686	{3686 -12.8104 []}
3691	{3691 -12.9943 []}
3696	{3696 -16.0306 []}
3701	{3701 -7.9989 []}
3706	{3706 -16.5777 []}
3711	{3711 -19.1787 []}
3716	{3716 -15.0957 [977, 3119, 3301, 3376, 3890, 4655, 4900, 4901, 4902, 4903]}
3721	{3721 -12.5560 []}
3726	{3726 -15.9367 [30, 152, 1917, 2186, 2646, 2922, 3259, 3411, 4913, 4914]}
3731	{3731 -12.0819 []}
3736	{3736 -13.3638 []}
3741	{3741 -16.9683 []}
3746	{3746 -16.0858 []}
3751	{3751 -18.7617 []}
3756	{3756 -13.3726 []}
3761	{3761 -18.0382 []}
3766	{3766 -20.7101 []}
3771	{3771 -9.4178 [184, 215, 286, 1979, 2748, 4301, 4840, 4926, 4927, 4928]}
3776	{3776 -19.6650 [77, 262, 492, 1975, 3343, 3681, 4266, 4587, 4664, 4922]}
3781	{3781 -10.0675 [327, 1059, 1086, 1123, 2519, 3850, 4031, 4923, 4924, 4925]}
3786	{3786 -12.6822 []}
3791	{3791 -11.1356 [174, 823, 2032, 2971, 3185, 4419, 4526, 4894, 4928, 4929]}
3796	{3796 -15.6465 [110, 563, 884, 1313, 2170, 2216, 3269, 4930]}
3801	{3801 -11.8558 [235, 342, 1120, 1591, 1592, 2476, 2612, 3096, 4131]}
3806	{3806 -12.1610 []}
3811	{3811 -16.0515 []}
3816	{3816 -15.8216 []}
3821	{3821 -13.4494 []}
3826	{3826 -13.1585 []}
3831	{3831 -16.4191 [33, 1729, 2357, 3258, 3259, 4072, 4363, 4655, 4946, 4947]}
3836	{3836 -11.7529 []}
3841	{3841 -12.3357 []}
3846	{3846 -14.5009 [491, 4241, 4625, 4893, 5155, 5229, 5267, 5937, 5938, 5939]}
3851	{3851 -12.4864 [850]}
3856	{3856 -14.1153 [4, 7, 144, 149, 238, 247, 353, 717, 1317, 2018]}
3861	{3861 -15.0454 []}
3866	{3866 -16.5039 [1549, 2305, 2310, 2493, 2806, 3355, 3960, 4302, 4968, 4969]}
3871	{3871 -10.3612 []}
3876	{3876 -19.8125 []}
3881	{3881 -13.4567 [528, 756, 874, 3023, 3205, 3271, 3488, 4841, 4975, 4976]}
3886	{3886 -13.1324 [451, 478, 677, 1020, 1230, 2215, 3275, 4126, 4977, 4978]}
3891	{3891 -12.7227 []}
3896	{3896 -14.7953 []}
3901	{3901 -23.2948 []}
3906	{3906 -13.8834 []}
3911	{3911 -21.2996 []}
3916	{3916 -15.0711 []}
3921	{3921 -12.6229 [312, 837, 894, 897, 942, 1016, 1267, 1524, 3612, 4889]}
3926	{3926 -12.0327 [2349, 2362, 2596, 2925, 3098, 3358, 4413, 4534, 5002, 5003]}
3931	{3931 -8.1024 [566, 3212, 3352, 5051]}
3936	{3936 -8.1044 []}
3941	{3941 -17.0819 []}
3946	{3946 -13.5233 [124, 249, 251, 264, 367, 422, 667, 718, 856]}
3951	{3951 -12.6697 []}
3956	{3956 -15.1720 [1030, 2254, 3822, 5016, 5017]}
3961	{3961 -12.7899 []}
3966	{3966 -13.9195 [788, 944, 1163, 1313, 2068, 3524, 4371, 4694, 4801, 5021]}
3971	{3971 -11.2793 []}
3976	{3976 -11.2793 [149, 266, 368, 423, 424, 559, 718, 856, 1245]}
3981	{3981 -10.3517 [127, 878, 1007, 1540, 2592, 3557, 4793, 5496, 6241, 6242]}
3986	{3986 -17.0038 [531, 749, 1279, 2207, 2383, 2864, 4087, 4734, 5026, 5027]}
3991	{3991 -17.3126 [289, 1846, 2330, 3479, 3632, 4242, 4503, 4587, 5036, 5037]}
3996	{3996 -12.9539 []}
4001	{4001 -16.7905 []}
4006	{4006 -14.1971 []}
4011	{4011 -20.8503 []}
4016	{4016 -13.8638 [9, 124, 125, 144, 145, 148, 247, 352, 353, 424]}
4021	{4021 -14.1806 [156, 476, 802, 921, 1336, 2347, 2806, 3053, 3343, 3866]}
4026	{4026 -14.0791 [1330, 5124, 5125]}
4031	{4031 -11.9424 []}
4036	{4036 -15.5529 [813, 842, 924, 2904, 2928, 3058, 3109, 4248, 4978]}
4041	{4041 -13.6754 [924, 1199, 1213, 1608, 1867, 1868, 1915, 3336, 4412, 5052]}
4046	{4046 -8.1844 []}
4051	{4051 -14.8109 [122, 175, 250, 252, 266, 367, 423, 558, 754, 2001]}
4056	{4056 -9.7423 []}
4061	{4061 -14.0618 []}
4066	{4066 -13.7056 []}
4071	{4071 -12.5226 []}
4076	{4076 -17.3076 [175, 251, 252, 266, 292, 390, 422, 558, 856, 3933]}
4081	{4081 -13.0892 [541, 760, 937, 1022, 1929, 1940, 3738, 4402, 5076]}
4086	{4086 -12.9224 []}
4091	{4091 -10.3878 []}
4096	{4096 -16.6501 [1772]}
4101	{4101 -14.3004 []}
4106	{4106 -19.1518 [452, 453, 1587, 3404, 5081]}
4111	{4111 -14.9828 [5, 31, 149, 177, 179, 250, 352, 558, 697, 1317]}
4116	{4116 -15.4792 []}
4121	{4121 -15.6138 [732, 960, 1430, 2259, 2655, 3937, 4348, 5083, 5084, 5085]}
4126	{4126 -15.5940 []}
4131	{4131 -13.9913 []}
4136	{4136 -14.4413 []}
4141	{4141 -13.7364 []}
4146	{4146 -14.2318 [621, 2347, 2537, 3372, 3485, 3498, 3608, 4397, 5103]}
4151	{4151 -15.7239 [5091]}
4156	{4156 -15.3172 []}
4161	{4161 -15.7254 []}
4166	{4166 -13.5048 []}
4171	{4171 -18.0467 []}
4176	{4176 -14.5972 [2205, 2222, 3318, 3418, 3563, 4006, 5494, 5814, 5815]}
4181	{4181 -8.9744 []}
4186	{4186 -17.4470 []}
4191	{4191 -12.3452 [370, 432, 495, 503, 2537, 3004, 3808, 4293, 4617, 5121]}
4196	{4196 -13.6378 [127, 248, 423, 559, 667, 717, 856, 1041, 4638, 5122]}
4201	{4201 -11.9620 []}
4206	{4206 -12.6921 [123, 369, 504, 1442, 1487, 2060, 3304, 5146, 5147, 5148]}
4211	{4211 -15.3221 [4, 10, 122, 251, 265, 369, 426, 427, 698, 946]}
4216	{4216 -13.2494 [11, 325, 649, 1300, 1592, 2475, 2928, 4166, 5141, 5142]}
4221	{4221 -12.3981 []}
4226	{4226 -24.0546 []}
4231	{4231 -14.1834 []}
4236	{4236 -12.5288 [1505, 1645, 5105, 5155, 5156]}
4241	{4241 -13.2282 []}
4246	{4246 -20.5104 [496, 1224, 2058, 2068, 2744, 3117, 3133, 3277, 5159, 5160]}
4251	{4251 -15.0715 []}
4256	{4256 -16.5162 [2613]}
4261	{4261 -14.2413 []}
4266	{4266 -17.2076 []}
4271	{4271 -18.4312 []}
4276	{4276 -17.7333 [5, 7, 125, 126, 147, 149, 175, 266, 667, 754]}
4281	{4281 -10.3200 []}
4286	{4286 -11.9139 []}
4291	{4291 -7.9982 [5017]}
4296	{4296 -16.8075 []}
4301	{4301 -8.7736 [165, 1800, 1868, 2324, 3462]}
4306	{4306 -12.8790 [4, 143, 175, 249, 251, 264, 369, 422, 856]}
4311	{4311 -18.7894 []}
4316	{4316 -13.8819 []}
4321	{4321 -15.5340 []}
4326	{4326 -Infinity []}
4331	{4331 -Infinity []}
4336	{4336 -15.8225 [4491]}
4341	{4341 -15.4376 []}
4346	{4346 -14.0163 []}
4351	{4351 -14.0163 []}
4356	{4356 -14.8306 [2927, 3376, 3916, 4940, 5323]}
4361	{4361 -10.5669 []}
4366	{4366 -17.6559 []}
4371	{4371 -13.9306 []}
4376	{4376 -15.0715 []}
4381	{4381 -18.2736 [89, 691, 3189, 3314, 3849, 4344, 4788, 4934, 5246]}
4386	{4386 -17.6732 []}
4391	{4391 -16.3607 [1894]}
4396	{4396 -15.4138 []}
4401	{4401 -15.6649 []}
4406	{4406 -12.5049 []}
4411	{4411 -15.2201 []}
4416	{4416 -15.3516 [122, 527, 571, 894, 1027, 2563, 2615, 4373, 4719, 5269]}
4421	{4421 -13.7494 [124, 381, 477, 1655, 2055, 2169, 2254, 4129, 5266, 5272]}
4426	{4426 -12.6398 []}
4431	{4431 -10.5368 [296, 1434, 2427, 2643, 5276]}
4436	{4436 -12.2273 []}
4441	{4441 -14.5778 [76, 1087, 1726, 2583, 2762, 3487, 3511, 3823, 5287]}
4446	{4446 -21.7933 [4733]}
4451	{4451 -16.1204 []}
4456	{4456 -20.6660 [9, 126, 143, 144, 145, 148, 179, 423, 697]}
4461	{4461 -17.0308 []}
4466	{4466 -19.1351 []}
4471	{4471 -14.5709 []}
4476	{4476 -11.6183 []}
4481	{4481 -16.5291 []}
4486	{4486 -17.1281 []}
4491	{4491 -15.7774 []}
4496	{4496 -16.7649 []}
4501	{4501 -14.4272 []}
4506	{4506 -19.8416 [5316]}
4511	{4511 -19.4872 []}
4516	{4516 -12.0545 [282, 665, 1143, 1988, 2961, 3777, 5333, 5334, 5335]}
4521	{4521 -19.0892 []}
4526	{4526 -13.5950 []}
4531	{4531 -19.0892 []}
4536	{4536 -16.1870 [56, 158, 1199, 1341, 2304, 4096, 5081, 5340, 5341]}
4541	{4541 -15.6361 [495, 1213, 1214, 1577, 2661, 3721, 4038, 4158, 4735, 5344]}
4546	{4546 -14.0789 []}
4551	{4551 -14.9205 [63, 260, 562, 870, 2236, 3397, 4407, 4970, 5348, 5349]}
4556	{4556 -18.0766 []}
4561	{4561 -18.0766 []}
4566	{4566 -8.0720 [92, 163, 1129, 1808, 3524, 3636, 4431, 4776, 5277, 5353]}
4571	{4571 -12.4085 []}
4576	{4576 -16.3780 []}
4581	{4581 -14.5892 []}
4586	{4586 -12.8321 []}
4591	{4591 -16.6337 []}
4596	{4596 -20.6255 [133, 3949, 4426, 5308, 5370, 5371, 5372, 5373, 5374, 5375]}
4601	{4601 -15.0553 []}
4606	{4606 -16.1888 [862, 1458, 1900, 3220, 3221, 4287, 4586, 5377, 5378, 5379]}
4611	{4611 -17.2017 []}
4616	{4616 -14.8230 []}
4621	{4621 -10.5623 []}
4626	{4626 -22.2221 []}
4631	{4631 -Infinity [251, 664, 803, 2218, 2285, 2309, 4137, 5393, 5394, 5395]}
4636	{4636 -15.8362 [5, 9, 148, 179, 390, 422, 558, 697, 754, 856]}
4641	{4641 -14.0647 []}
4646	{4646 -15.1636 []}
4651	{4651 -15.0717 []}
4656	{4656 -17.8369 []}
4661	{4661 -13.9195 []}
4666	{4666 -14.8414 [15, 1158, 1278, 1383, 2558, 3062, 4296, 4297, 4988, 5413]}
4671	{4671 -17.5104 []}
4676	{4676 -13.9505 [524, 3050, 3780, 4109]}
4681	{4681 -12.0134 []}
4686	{4686 -14.4666 [315, 337, 353, 629, 1491, 3571, 4915, 5300, 5421, 5422]}
4691	{4691 -16.0774 []}
4696	{4696 -21.4340 []}
4701	{4701 -17.0068 []}
4706	{4706 -12.6749 []}
4711	{4711 -13.8834 []}
4716	{4716 -18.3846 []}
4721	{4721 -16.0395 [51, 472, 1411, 1926, 3552, 4160, 5159, 5439, 5440, 5441]}
4726	{4726 -18.3498 [804, 1507, 2292, 2697, 3496, 3516, 3949, 4042, 5261]}
4731	{4731 -16.8536 [2554, 3120, 4770, 5155]}
4736	{4736 -14.6404 []}
4741	{4741 -14.2653 [1658, 1974, 2358, 3127, 3224, 3860, 4303, 4306, 5459, 5460]}
4746	{4746 -14.7752 [798, 2443, 2635, 2639, 3071, 3854, 4811, 5369, 5462, 5463]}
4751	{4751 -17.1157 [8, 122, 129, 177, 249, 251, 352, 353, 367, 856]}
4756	{4756 -16.8779 []}
4761	{4761 -12.9113 [159, 813, 2494, 3306, 4759]}
4766	{4766 -12.8098 [21, 892, 940, 1116, 1658, 1872, 4754, 5348, 5469, 5470]}
4771	{4771 -15.0522 [804, 1090, 1426, 3951, 4422]}
4776	{4776 -10.5278 []}
4781	{4781 -14.6679 [679, 963, 1359, 5478, 5479, 5480, 5481, 5482, 5483, 5484]}
4786	{4786 -22.3777 []}
4791	{4791 -23.3844 []}
4796	{4796 -20.3365 []}
4801	{4801 -15.0867 []}
4806	{4806 -14.3048 [5451]}
4811	{4811 -16.7775 [3003]}
4816	{4816 -15.2816 []}
4821	{4821 -15.4649 []}
4826	{4826 -16.7684 [230, 1192, 2217, 2360, 3903, 4112, 4215, 5300, 5523, 5524]}
4831	{4831 -19.3962 []}
4836	{4836 -15.3535 []}
4841	{4841 -15.8798 []}
4846	{4846 -12.8565 [926, 1258, 1382, 1706, 3062, 3064, 4170, 4339, 5881]}
4851	{4851 -18.4300 []}
4856	{4856 -16.6712 [508, 5393, 5531, 5532]}
4861	{4861 -13.3388 []}
4866	{4866 -12.1306 []}
4871	{4871 -12.9271 []}
4876	{4876 -14.5723 []}
4881	{4881 -15.7435 [5672]}
4886	{4886 -15.4594 []}
4891	{4891 -8.8259 [249, 290, 1456, 2149, 2949, 4639, 5106, 5550, 5551, 5552]}
4896	{4896 -11.6192 [263, 733, 878, 1031, 2449, 2779, 3553, 5080, 5568, 5569]}
4901	{4901 -17.5608 []}
4906	{4906 -15.8564 []}
4911	{4911 -15.7880 []}
4916	{4916 -15.9570 []}
4921	{4921 -16.9291 [219, 1798, 2129, 2235, 4468]}
4926	{4926 -11.8829 []}
4931	{4931 -16.8527 []}
4936	{4936 -16.5023 []}
4941	{4941 -17.3592 []}
4946	{4946 -18.8842 []}
4951	{4951 -12.8423 [748, 780, 803, 1280, 2236, 2285, 2568, 2583, 4641, 4799]}
4956	{4956 -14.2172 []}
4961	{4961 -17.1822 []}
4966	{4966 -12.9144 []}
4971	{4971 -20.7787 []}
4976	{4976 -15.9211 []}
4981	{4981 -13.6247 []}
4986	{4986 -13.9299 [200, 1038, 1044, 2036, 2425, 3566, 3794, 4262, 5588, 5589]}
4991	{4991 -18.0740 []}
4996	{4996 -19.4325 []}
5001	{5001 -11.5199 []}
5006	{5006 -17.3981 []}
5011	{5011 -17.8138 []}
5016	{5016 -16.2457 [133, 241, 582, 965, 1316, 1541, 1882, 2090, 5178, 5601]}
5021	{5021 -16.3846 [5604]}
5026	{5026 -19.4689 [1050, 1447, 1590, 1689, 1912, 2194, 2337, 4133, 5602, 5603]}
5031	{5031 -15.3002 []}
5036	{5036 -16.7482 []}
5041	{5041 -16.3811 []}
5046	{5046 -15.2530 []}
5051	{5051 -9.6511 []}
5056	{5056 -13.1878 []}
5061	{5061 -16.2021 []}
5066	{5066 -16.4297 [164, 523, 815, 2155, 2237, 2548, 3407, 4319, 5159, 5620]}
5071	{5071 -18.9311 []}
5076	{5076 -15.4489 []}
5081	{5081 -16.5276 []}
5086	{5086 -15.4271 []}
5091	{5091 -15.8864 []}
5096	{5096 -15.3891 [145, 359, 427, 605, 881, 1861, 3402, 3550, 5635, 5636]}
5101	{5101 -15.2199 []}
5106	{5106 -11.2816 [1027, 1940, 2005, 2429, 2497, 3238, 4934, 5244, 5639, 5640]}
5111	{5111 -17.0735 []}
5116	{5116 -12.8831 []}
5121	{5121 -14.7001 []}
5126	{5126 -11.4390 []}
5131	{5131 -14.1896 [823, 1787, 2288, 2566, 3109, 3797, 4248, 4895, 5645, 5646]}
5136	{5136 -18.4855 []}
5141	{5141 -15.6708 []}
5146	{5146 -15.1572 []}
5151	{5151 -16.6820 [219, 459, 612, 1102, 2403, 3017, 5510, 5658, 5659]}
5156	{5156 -14.2964 [3370]}
5161	{5161 -15.3329 []}
5166	{5166 -23.2661 []}
5171	{5171 -9.5508 [795, 1180, 1338, 2348, 3453, 3801, 5642, 5675, 5676, 5677]}
5176	{5176 -17.9493 []}
5181	{5181 -15.2602 []}
5186	{5186 -15.8424 []}
5191	{5191 -17.3650 [2693, 4129, 4809, 5051, 5508, 5691, 5692, 5693, 5694]}
5196	{5196 -15.8174 [107, 326, 1928, 2313, 3598, 4082, 4423, 5695, 5696, 5697]}
5201	{5201 -14.7308 [127, 129, 146, 176, 238, 264, 352, 717, 1245, 2338]}
5206	{5206 -24.0995 [43, 169, 219, 246, 2652, 3058, 3601, 3925, 3944, 5704]}
5211	{5211 -14.4962 [115, 279, 1597, 2547, 2594, 3021, 3912, 4894, 5121, 5703]}
5216	{5216 -17.8816 []}
5221	{5221 -16.7588 [96, 292, 334, 400, 1122, 1177, 1377, 2322, 3306, 5719]}
5226	{5226 -15.1481 [748, 1316, 1326, 1487, 2414, 2639, 2901, 3192, 3849, 4765]}
5231	{5231 -15.9228 []}
5236	{5236 -12.8767 [125, 143, 145, 146, 147, 367, 368, 422, 559, 754]}
5241	{5241 -15.9450 [198, 1192, 1969, 2776, 2888, 3395, 4251, 4641, 4992, 5725]}
5246	{5246 -20.6332 []}
5251	{5251 -20.1305 [5368, 5738, 5739, 5740, 5741, 5742, 5743, 5744, 5745, 5746]}
5256	{5256 -18.3145 []}
5261	{5261 -15.4170 []}
5266	{5266 -16.1825 []}
5271	{5271 -19.8024 []}
5276	{5276 -12.3088 [235, 342, 1591, 3205, 3428, 4041, 4740, 5321, 5747, 5748]}
5281	{5281 -15.1174 [7, 174, 390, 699, 753, 754, 762, 2064, 2077, 3118]}
5286	{5286 -19.0317 []}
5291	{5291 -15.1308 [5660, 5661, 5662, 5663, 5664, 5665, 5666, 5667, 5668, 5669]}
5296	{5296 -18.6759 [1001, 1948, 4735, 4788, 5073, 5398, 5504, 5763, 5764, 5765]}
5301	{5301 -15.8844 []}
5306	{5306 -17.3860 [129, 1509, 1912, 3566, 5156, 5369, 5747, 5767, 5768]}
5311	{5311 -10.6420 []}
5316	{5316 -15.4119 []}
5321	{5321 -14.7421 [255, 1115, 1845, 1928, 3933, 4074, 4129, 5510, 5775, 5776]}
5326	{5326 -17.1612 [701, 703, 1430, 2149, 3017, 3027, 4297, 5268, 5339, 5352]}
5331	{5331 -16.4148 []}
5336	{5336 -22.5617 []}
5341	{5341 -18.5311 []}
5346	{5346 -20.5416 []}
5351	{5351 -10.5371 []}
5356	{5356 -10.3139 [685, 2002, 2036, 3407, 3455]}
5361	{5361 -14.6919 [2035, 4945, 5115, 5352, 5789, 5790, 5791, 5792, 5793, 5794]}
5366	{5366 -15.4625 [942, 1456, 2230, 2366, 2612, 2841, 2982, 3707, 5798]}
5371	{5371 -23.0907 []}
5376	{5376 -16.5405 []}
5381	{5381 -13.8141 []}
5386	{5386 -15.2214 [5, 125, 129, 174, 238, 248, 250, 252, 1084]}
5391	{5391 -12.9171 []}
5396	{5396 -15.1499 []}
5401	{5401 -16.9229 []}
5406	{5406 -13.0327 [38, 740, 1956, 2060, 2391, 4170, 5096, 5510, 5803, 5804]}
5411	{5411 -18.5888 []}
5416	{5416 -16.6725 []}
5421	{5421 -16.9318 [2146]}
5426	{5426 -16.6981 []}
5431	{5431 -18.6232 []}
5436	{5436 -12.6848 [1956]}
5441	{5441 -17.7246 []}
5446	{5446 -18.5713 []}
5451	{5451 -14.3807 []}
5456	{5456 -20.1290 []}
5461	{5461 -Infinity []}
5466	{5466 -20.0144 []}
5471	{5471 -17.4541 []}
5476	{5476 -16.0168 []}
5481	{5481 -17.1330 []}
5486	{5486 -17.4476 [1056, 1160, 1199, 2709, 3489, 3977, 4332, 5836, 5837, 5838]}
5491	{5491 -13.9410 []}
5496	{5496 -12.8165 []}
5501	{5501 -12.8360 []}
5506	{5506 -19.3486 []}
5511	{5511 -25.4958 []}
5516	{5516 -19.6323 []}
5521	{5521 -17.5566 []}
5526	{5526 -18.0181 []}
5531	{5531 -18.2200 [1945, 1955, 2062, 2399, 2617, 2850, 2874, 5405, 5902, 5903]}
5536	{5536 -15.7000 []}
5541	{5541 -17.2524 []}
5546	{5546 -14.6505 []}
5551	{5551 -11.2910 []}
5556	{5556 -20.0022 []}
5561	{5561 -19.8389 []}
5566	{5566 -9.7262 []}
5571	{5571 -12.4243 []}
5576	{5576 -18.4908 []}
5581	{5581 -17.1784 []}
5586	{5586 -15.2131 []}
5591	{5591 -16.9629 []}
5596	{5596 -19.8633 []}
5601	{5601 -15.1182 []}
5606	{5606 -17.7653 []}
5611	{5611 -20.0913 []}
5616	{5616 -17.5698 [133, 813, 1533, 2215, 2391, 2625, 2847, 3836, 4484]}
5621	{5621 -17.4475 []}
5626	{5626 -17.2256 [584, 1203, 1509, 3253, 4037, 4632, 5837, 5909, 5910, 5911]}
5631	{5631 -18.8948 []}
5636	{5636 -17.6401 []}
5641	{5641 -19.5387 []}
5646	{5646 -16.6547 []}
5651	{5651 -20.9505 [290, 2379, 2898, 3367, 3489, 5288, 5887, 5919, 5920]}
5656	{5656 -16.6255 [442]}
5661	{5661 -17.5959 []}
5666	{5666 -17.5959 []}
5671	{5671 -16.7977 []}
5676	{5676 -12.0159 []}
5681	{5681 -14.7613 []}
5686	{5686 -14.4539 []}
5691	{5691 -19.7247 [3481]}
5696	{5696 -18.2825 []}
5701	{5701 -18.3380 [603, 1552, 1720, 2081, 2177, 2933, 3224, 3543, 3743, 5406]}
5706	{5706 -17.4092 []}
5711	{5711 -17.1130 []}
5716	{5716 -16.3440 [206, 941, 2037, 2823, 4639, 4694, 4809, 5944, 5945, 5946]}
5721	{5721 -17.6132 []}
5726	{5726 -15.3418 [4, 9, 17, 126, 149, 175, 422, 559, 754]}
5731	{5731 -18.0639 []}
5736	{5736 -18.1308 []}
5741	{5741 -22.5957 []}
5746	{5746 -22.5957 []}
5751	{5751 -20.0089 [5168]}
5756	{5756 -16.0361 []}
5761	{5761 -21.4471 [1388, 2176, 2385, 3018, 3516, 4776, 5050, 5567, 5826, 5970]}
5766	{5766 -20.7503 []}
5771	{5771 -16.5387 []}
5776	{5776 -17.2073 []}
5781	{5781 -19.4800 []}
5786	{5786 -17.8154 []}
5791	{5791 -17.1570 []}
5796	{5796 -15.3075 []}
5801	{5801 -19.0264 []}
5806	{5806 -10.5594 []}
5811	{5811 -18.0054 [222, 342, 2324, 2445, 2475, 2612, 4131, 4597, 4885]}
5816	{5816 -11.5710 []}
5821	{5821 -19.7716 [491, 858, 983, 1313, 1458, 3388, 5534, 5837, 6006, 6007]}
5826	{5826 -19.6083 []}
5831	{5831 -19.0902 [8, 36, 57, 75, 102, 252, 311, 383, 582, 583 ... (38 more) ]}
5836	{5836 -19.9127 []}
5841	{5841 -18.5032 []}
5846	{5846 -13.6325 []}
5851	{5851 -21.0948 []}
5856	{5856 -19.8479 []}
5861	{5861 -17.7211 []}
5866	{5866 -19.8933 [2232, 3481]}
5871	{5871 -16.6263 []}
5876	{5876 -18.6843 []}
5881	{5881 -13.7159 [6039]}
5886	{5886 -21.6356 [285, 1592, 1761, 2563, 2646, 5487, 5617, 5941, 6023, 6041]}
5891	{5891 -16.7080 []}
5896	{5896 -18.2425 []}
5901	{5901 -20.0815 [664, 2663, 3415, 3906, 5407, 5415, 5781, 6054, 6055]}
5906	{5906 -19.0573 []}
5911	{5911 -17.8753 []}
5916	{5916 -8.8262 []}
5921	{5921 -21.1132 [1064, 2450, 2552, 3698, 4109, 4507, 4793, 5788, 6068, 6069]}
5926	{5926 -15.5879 []}
5931	{5931 -14.0111 [731, 1129, 5228, 5686, 5999]}
5936	{5936 -24.2406 [31, 485, 1127, 2424, 3214, 3771, 4016, 4128, 4526, 5378]}
5941	{5941 -9.5649 [110, 858, 1169, 1509, 2111, 3249, 5978, 6073, 6074, 6075]}
5946	{5946 -18.8092 []}
5951	{5951 -17.8069 [870, 2348, 3165, 3550, 3733, 4093, 5129, 5644, 6078, 6079]}
5956	{5956 -20.4901 [503, 2154, 2373, 2378, 2385, 4944, 5429, 6081, 6082, 6083]}
5961	{5961 -25.0607 [1460, 2881, 2933, 6108]}
5966	{5966 -17.4650 []}
5971	{5971 -16.1220 [6091]}
5976	{5976 -25.2111 [337, 1541, 1952, 2417, 3385, 3732, 4668, 5086, 5688, 6092]}
5981	{5981 -17.6973 [111, 830, 1811, 2163, 2193, 3861, 3953, 4332, 6094, 6095]}
5986	{5986 -19.6221 []}
5991	{5991 -19.6221 []}
5996	{5996 -17.9629 []}
6001	{6001 -16.9601 []}
6006	{6006 -22.2366 [230, 1458, 2649, 3389, 3794, 6117, 6118, 6119, 6120]}
6011	{6011 -18.1877 []}
6016	{6016 -23.1237 [1042, 1203, 1255, 1430, 2492, 3630, 6041, 6128, 6129, 6130]}
6021	{6021 -23.1237 []}
6026	{6026 -25.9931 []}
6031	{6031 -25.9114 [4966]}
6036	{6036 -17.8261 [474, 810, 1332, 1458, 1842, 3213, 3411, 3658, 3913, 6137]}
6041	{6041 -19.9178 []}
6046	{6046 -17.8066 [73, 177, 1974, 3022, 3088, 4465, 4511, 4580, 5962, 6139]}
6051	{6051 -22.6957 []}
6056	{6056 -22.6957 []}
6061	{6061 -8.8263 [6150]}
6066	{6066 -23.3920 [86, 1246, 2008, 3138, 3515, 6071, 6086, 6154, 6155, 6156]}
6071	{6071 -14.2481 [364, 3298, 5014, 5081, 5179, 5980, 6249, 6250, 6251, 6252]}
6076	{6076 -21.2741 []}
6081	{6081 -22.9552 [129, 219, 864, 1812, 2079, 4107, 4319, 6046]}
6086	{6086 -22.9017 []}
6091	{6091 -16.2844 []}
6096	{6096 -18.7907 [5254]}
6101	{6101 -22.0871 []}
6106	{6106 -20.4280 []}
6111	{6111 -22.0871 [554, 839, 967, 1267, 3227, 3327, 3481, 4914, 5601]}
6116	{6116 -24.5966 []}
6121	{6121 -25.8580 []}
6126	{6126 -25.5892 []}
6131	{6131 -20.1487 []}
6136	{6136 -23.8941 []}
6141	{6141 -19.3355 [213, 1762, 2179, 2234, 2272, 2449, 2797, 3557, 4815, 6229]}
6146	{6146 -25.1604 []}
6151	{6151 -11.2910 []}
6156	{6156 -25.8567 []}
6161	{6161 -17.4717 []}
6166	{6166 -17.4659 []}
6171	{6171 -13.7565 [311, 809, 1022, 1694, 3403, 3677, 4014, 4518, 5988, 6236]}
6176	{6176 -22.6231 []}
6181	{6181 -17.4682 [8, 122, 177, 247, 249, 251, 266, 353, 422, 718]}
6186	{6186 -24.2435 [57, 440, 1221, 1618, 2823, 4076, 5261, 5824, 5988, 6091]}
6191	{6191 -27.0614 [2237]}
6196	{6196 -24.5526 [124, 1396, 1845, 1971, 2235, 5110, 5204, 5263, 6247, 6248]}
6201	{6201 -24.1477 []}
6206	{6206 -24.1477 []}
6211	{6211 -24.1477 []}
6216	{6216 -24.1477 []}
6221	{6221 -24.1477 []}
6226	{6226 -24.1477 []}
6231	{6231 -28.2162 []}
6236	{6236 -16.2215 []}
6241	{6241 -12.8168 [424, 1800, 3712, 5128, 5182, 6119, 6120, 6255, 6256, 6257]}
6246	{6246 -29.4210 []}
6251	{6251 -16.7132 [554, 1524, 1956, 2023, 2777, 3038, 4629, 6102, 6262, 6263]}
6256	{6256 -15.2818 []}
6261	{6261 -27.5620 []}
6266	{6266 -19.1783 [169, 892, 2378, 2789, 5633, 5923, 6039, 6237, 6274, 6275]}
6271	{6271 -30.0255 []}
6276	{6276 -32.3913 [810, 3488, 3632, 4926, 5395, 5545, 5627, 5710, 6159, 6172]}
6281	{6281 -21.4849 []}
6286	{6286 -22.2030 []}
6291	{6291 -22.2762 []}
6296	{6296 -23.9746 [798, 849, 1325, 2058, 5076, 5236, 6297, 6298, 6299]}
