0	{0 -Infinity [1, 2, 3, 4, 5, 6, 7, 8, 9, 10]}
5	{5 -3.2487 [121, 127, 128, 179, 247, 249, 264, 353, 424, 426]}
10	{10 -9.1416 []}
15	{15 -10.5518 [3, 123, 129, 143, 251, 264, 367, 426, 427, 718]}
20	{20 -13.1521 [121, 147, 368, 427, 717, 856, 975, 1908, 1909, 1910]}
25	{25 -12.3088 [1022]}
30	{30 -14.5793 [3, 5, 8, 121, 124, 126, 145, 174, 249, 424]}
35	{35 -14.0932 []}
40	{40 -21.2597 []}
45	{45 -10.3022 []}
50	{50 -12.1644 []}
55	{55 -13.3504 [56, 57, 58, 59, 60, 61, 62, 63, 64, 65]}
60	{60 -14.3542 [1937, 1938, 1939, 1940, 1941, 1942, 1943, 1944, 1945]}
65	{65 -14.7348 [86, 1954, 2002, 2003, 2004, 2005, 2006, 2007, 2008, 2009]}
70	{70 -Infinity []}
75	{75 -15.2902 [190, 219, 262, 1142, 1337, 1964, 1965, 1966, 1967, 1968]}
80	{80 -10.5190 [2014]}
85	{85 -15.0547 []}
90	{90 -19.0446 []}
95	{95 -17.0770 []}
100	{100 -14.1553 [2017]}
105	{105 -11.1666 [363, 820, 1041, 1240, 2019, 2020, 2021, 2022, 2023, 2024]}
110	{110 -11.4652 [1332, 1361, 2029, 2030, 2031, 2032, 2033, 2034, 2035, 2036]}
115	{115 -14.5463 []}
120	{120 -24.1591 [3, 121, 122, 123, 124, 125, 126, 127, 128, 129]}
125	{125 -6.8230 [132, 222, 503, 1535, 2070, 2071, 2072, 2073, 2074, 2075]}
130	{130 -16.6541 [131, 132, 133, 134, 135, 136, 137, 138, 139, 140]}
135	{135 -12.7028 [34, 132, 786, 1150, 1274, 2099, 2100, 2101, 2102, 2103]}
140	{140 -12.7838 []}
145	{145 -5.2341 [149, 246, 265, 367, 390, 667, 717, 1317, 2098]}
150	{150 -14.0017 []}
155	{155 -13.0519 [5, 121, 126, 128, 129, 175, 238, 353, 1317]}
160	{160 -15.1246 [13, 2053, 2056, 2109, 2110, 2111, 2112, 2113, 2114, 2115]}
165	{165 -10.5038 [102, 108, 531, 703, 1165, 1390, 1561, 1865, 2123, 2124]}
170	{170 -16.8034 []}
175	{175 -6.5939 [1575, 3066, 3344, 3715, 3849, 4539, 5209, 5325, 5483, 5584]}
180	{180 -8.5265 [3, 1489, 1490, 1524, 1766, 2130, 2131, 2132, 2133, 2134]}
185	{185 -19.3708 []}
190	{190 -11.2084 []}
195	{195 -16.5284 [4, 124, 143, 176, 368, 422, 558, 736, 1245]}
200	{200 -13.0391 []}
205	{205 -17.9284 []}
210	{210 -15.3480 []}
215	{215 -10.0159 []}
220	{220 -20.1536 []}
225	{225 -20.1604 [199, 221, 893, 1343, 1749, 1861, 2177, 2178, 2179, 2180]}
230	{230 -13.2618 []}
235	{235 -12.7587 []}
240	{240 -11.4047 []}
245	{245 -Infinity []}
250	{250 -6.5093 [51, 64, 114, 1349, 1389, 1644, 1726, 2018, 4180, 4181]}
255	{255 -10.2184 []}
260	{260 -8.0307 []}
265	{265 -7.1863 []}
270	{270 -16.8954 [190, 271, 272, 273, 274, 275, 276, 277, 278]}
275	{275 -18.8258 []}
280	{280 -15.6263 [318, 552, 790, 967, 1202, 1259, 1412, 1620, 1933, 2235]}
285	{285 -9.2868 [134, 311, 712, 873, 955, 1197, 1227, 2218, 2219, 2243]}
290	{290 -10.3963 []}
295	{295 -12.2399 []}
300	{300 -20.2485 [218, 301, 302, 303, 304, 305, 306, 307, 308, 309]}
305	{305 -22.2612 [587, 710, 838, 1498, 1776, 1850, 2256, 2257, 2258, 2259]}
310	{310 -Infinity [311, 312, 313, 314, 315, 316, 317, 318, 319, 320]}
315	{315 -16.5862 []}
320	{320 -Infinity []}
325	{325 -13.1238 [82, 1507, 1669, 2159, 2187, 2268, 2269, 2270, 2271, 2272]}
330	{330 -12.3394 []}
335	{335 -9.9288 [81, 141, 494, 1052, 2023, 2319, 3590, 4152, 4153, 4154]}
340	{340 -16.3605 [341, 342, 343, 344, 345, 346, 347, 348, 349, 350]}
345	{345 -13.9566 [126, 149, 177, 179, 248, 266, 424, 754, 2001]}
350	{350 -14.0054 [329, 378, 432, 558, 1734, 2264, 2328, 2329, 2330, 2331]}
355	{355 -9.4046 [49, 117, 968, 2308, 2309, 2310, 2311, 2312, 2313, 2314]}
360	{360 -15.4427 [65, 361, 362, 363, 364, 365]}
365	{365 -11.5587 []}
370	{370 -13.4550 [371, 372, 373, 374, 375, 376, 377, 378, 379, 380]}
375	{375 -15.9200 []}
380	{380 -15.4483 [218, 1030, 1230, 1231, 1232, 1233, 1234, 1235, 1236]}
385	{385 -14.7367 [23, 314, 1741, 2162, 2339, 2340, 2341, 2342, 2343, 2344]}
390	{390 -6.7062 [108, 261, 391, 392, 393, 394, 395, 396, 397, 398]}
395	{395 -9.1713 []}
400	{400 -13.0290 []}
405	{405 -Infinity []}
410	{410 -Infinity [411, 412, 413, 414, 415, 416, 417, 418, 419, 420]}
415	{415 -14.1429 [156, 427, 676, 799, 803, 1018, 1019, 1020, 1021]}
420	{420 -10.5598 []}
425	{425 -10.4712 [8, 121, 122, 128, 147, 177, 251, 422, 426, 427]}
430	{430 -23.4040 [826, 1415, 2235, 2373, 2416, 2417, 2418, 2419, 2420, 2421]}
435	{435 -15.9907 [127]}
440	{440 -13.5516 [261, 1607, 1868, 2312, 2399, 2492, 2784, 3617, 4781, 5476]}
445	{445 -Infinity []}
450	{450 -13.7306 [38, 203, 451, 452, 453, 454, 455, 456, 457]}
455	{455 -10.8062 [2038, 2188, 2241, 2441, 2442]}
460	{460 -15.3706 []}
465	{465 -17.2042 []}
470	{470 -14.6689 []}
475	{475 -16.6882 [1670, 1915, 2480, 2481, 2482, 2483, 2484, 2485, 2486, 2487]}
480	{480 -15.4647 [382, 507, 722, 726, 1048, 2319, 2358, 2462, 2463]}
485	{485 -14.5189 [8, 121, 123, 148, 179, 249, 251, 353, 369, 1317]}
490	{490 -10.5910 [356, 520, 852, 2069, 2167, 2214, 2403, 2464, 2465, 2466]}
495	{495 -14.7362 []}
500	{500 -12.1434 [59, 1475, 1476]}
505	{505 -10.3550 [5, 125, 145, 148, 174, 264, 368, 422, 1317, 2018]}
510	{510 -13.0628 []}
515	{515 -20.6851 []}
520	{520 -9.7161 []}
525	{525 -Infinity []}
530	{530 -13.0696 []}
535	{535 -12.9102 []}
540	{540 -15.0025 []}
545	{545 -Infinity []}
550	{550 -14.4823 []}
555	{555 -15.3181 []}
560	{560 -13.6832 [561, 562, 563, 564, 565, 566, 567, 568, 569, 570]}
565	{565 -16.1484 []}
570	{570 -14.7124 []}
575	{575 -10.4900 []}
580	{580 -17.4986 [3, 910, 1275, 1427, 1782, 1792, 2539, 2540, 2541, 2542]}
585	{585 -11.1435 []}
590	{590 -21.4961 []}
595	{595 -21.4961 []}
600	{600 -17.1906 []}
605	{605 -14.8426 [8, 121, 127, 147, 176, 238, 352, 353, 422, 424]}
610	{610 -15.1306 [881, 1217, 1392, 1990, 2273, 2558, 2559, 2560, 2561, 2562]}
615	{615 -15.1308 []}
620	{620 -15.6062 [396, 409, 469, 534, 1583, 2272, 2385, 2552, 2553, 2554]}
625	{625 -21.3082 []}
630	{630 -14.6554 []}
635	{635 -14.4798 [367, 404, 474, 668, 746, 747, 748, 749, 750, 751]}
640	{640 -16.8670 []}
645	{645 -18.1088 [330, 2223, 2430, 2563, 2564]}
650	{650 -25.9371 []}
655	{655 -18.0747 [1032, 1246, 1378, 1411, 1836, 1999, 2200, 2565, 2566, 2567]}
660	{660 -14.0437 []}
665	{665 -9.1718 [4, 5, 9, 126, 148, 252, 352, 353, 666, 667]}
670	{670 -14.2080 []}
675	{675 -13.8777 []}
680	{680 -16.9181 [144, 145, 251, 630, 1841, 1842, 1843, 1844, 1845, 1846]}
685	{685 -11.9338 []}
690	{690 -13.5541 []}
695	{695 -8.8496 [106, 290, 1690, 1956, 2385, 2593, 2594, 2595, 2596]}
700	{700 -7.5382 [584, 1056, 1517, 2614, 2615, 2616, 2617, 2618, 2619, 2620]}
705	{705 -16.5655 [226, 352, 1594, 1600, 1641, 2625, 2626, 2627, 2628, 2629]}
710	{710 -12.1946 []}
715	{715 -14.1353 [638, 834, 1068, 1195, 2472, 2645, 2646, 2647, 2648, 2649]}
720	{720 -15.1672 [4, 5, 8, 126, 145, 149, 353, 424, 2001, 2018]}
725	{725 -12.1259 []}
730	{730 -12.1485 []}
735	{735 -18.6993 []}
740	{740 -10.5242 [124, 174, 1255, 1487, 1531, 1557, 1609, 2385, 2663, 4539]}
745	{745 -16.0265 []}
750	{750 -14.2493 [385, 817, 1417, 2127, 2294, 2397, 2674, 2675, 2676, 2677]}
755	{755 -6.9672 []}
760	{760 -8.1766 [38, 528, 536, 1688, 2026, 2152, 2517, 2687, 2688, 2689]}
765	{765 -12.0857 []}
770	{770 -13.0911 []}
775	{775 -Infinity [776]}
780	{780 -14.4863 []}
785	{785 -13.5172 []}
790	{790 -15.9500 []}
795	{795 -11.9908 []}
800	{800 -23.1416 []}
805	{805 -11.5930 [57, 106, 528, 637, 686, 769, 770, 1644, 2738, 2739]}
810	{810 -10.5917 []}
815	{815 -11.2984 []}
820	{820 -5.7119 [3, 5, 7, 125, 126, 128, 145, 369, 424, 1317]}
825	{825 -14.5394 [826, 827, 828, 829, 830, 831, 832, 833, 834, 835]}
830	{830 -16.7215 [4, 31, 148, 179, 180, 368, 666, 736, 886, 2018]}
835	{835 -13.7170 []}
840	{840 -11.4656 []}
845	{845 -15.3543 [127, 144, 145, 176, 177, 247, 265, 630, 698, 762]}
850	{850 -12.6462 []}
855	{855 -8.6562 [249, 251, 266, 322, 367, 558, 667, 856, 857, 858]}
860	{860 -14.0933 []}
865	{865 -14.8254 []}
870	{870 -7.8049 []}
875	{875 -12.5017 []}
880	{880 -14.3437 []}
885	{885 -14.9340 [2773]}
890	{890 -15.8539 []}
895	{895 -15.7654 []}
900	{900 -8.0157 []}
905	{905 -Infinity []}
910	{910 -12.9542 [518, 869, 2322, 2797, 2798, 2799, 2800, 2801, 2802, 2803]}
915	{915 -9.3410 []}
920	{920 -9.3410 []}
925	{925 -10.5399 []}
930	{930 -11.7598 [5, 7, 147, 148, 367, 368, 422, 559, 1317]}
935	{935 -18.9721 []}
940	{940 -7.9161 []}
945	{945 -12.7887 [336, 660, 801, 940, 1095, 2846, 3777, 4409, 4410, 4411]}
950	{950 -Infinity [870, 1570, 1631, 1747, 2793, 2824, 2825, 2826, 2827, 2828]}
955	{955 -11.2947 [690, 711, 781, 908, 1337, 1541, 1901, 2214, 2422, 2428 ... (8 more) ]}
960	{960 -7.9234 []}
965	{965 -13.8065 [583, 1208, 1390, 1728, 2871, 2872, 2873, 2874, 2875, 2876]}
970	{970 -13.2507 []}
975	{975 -15.6172 [906, 940, 976, 977, 978, 979, 980, 981, 982, 983]}
980	{980 -11.8556 []}
985	{985 -16.1137 []}
990	{990 -15.0964 [127, 148, 183, 249, 252, 264, 265, 266, 368, 666]}
995	{995 -14.6874 []}
1000	{1000 -Infinity []}
1005	{1005 -12.7972 [174, 227, 1490, 1624, 2287, 2330, 2908, 2909, 2910, 2911]}
1010	{1010 -14.6387 [1191, 1517, 2411, 2538, 2920, 2921, 2922, 2923, 2924, 2925]}
1015	{1015 -17.5620 [503, 535, 673, 840, 979, 2916, 2917, 2918, 2919]}
1020	{1020 -14.8956 []}
1025	{1025 -13.4836 [99, 584, 689, 902, 2916, 3191, 3462, 5106, 5107, 5108]}
1030	{1030 -13.8659 [791, 2651, 2693, 2944, 2945, 2946, 2947, 2948, 2949, 2950]}
1035	{1035 -16.2801 []}
1040	{1040 -15.1540 [1023, 1055, 2254, 2962, 2963, 2964, 2965, 2966, 2967]}
1045	{1045 -16.0157 []}
1050	{1050 -9.5888 []}
1055	{1055 -14.2312 [257, 1347, 2207, 2411, 2802, 2968, 2969, 2970, 2971]}
1060	{1060 -9.8067 []}
1065	{1065 -21.7437 []}
1070	{1070 -8.0128 [2975]}
1075	{1075 -Infinity [116, 1076, 1077, 1078, 1079, 1080, 1081, 1082, 1083]}
1080	{1080 -Infinity [2868]}
1085	{1085 -14.2112 []}
1090	{1090 -13.2965 [1374, 1516, 1568, 1861, 2078, 2222, 2430, 3110, 3111]}
1095	{1095 -11.2710 []}
1100	{1100 -12.9831 []}
1105	{1105 -Infinity []}
1110	{1110 -Infinity []}
1115	{1115 -7.9971 []}
1120	{1120 -13.8479 []}
1125	{1125 -19.5437 []}
1130	{1130 -19.1980 [2938]}
1135	{1135 -14.6118 [4, 147, 176, 246, 249, 251, 252, 264, 266, 718]}
1140	{1140 -10.7581 []}
1145	{1145 -17.2404 []}
1150	{1150 -12.6321 []}
1155	{1155 -17.7526 [823, 824, 955, 2394, 2966, 3034, 3035, 3036, 3037, 3038]}
1160	{1160 -15.7644 []}
1165	{1165 -12.3663 [535, 1163, 2089, 2204, 2561, 2795, 3055, 3056, 3057, 3058]}
1170	{1170 -15.0237 []}
1175	{1175 -10.2535 []}
1180	{1180 -12.0127 []}
1185	{1185 -Infinity []}
1190	{1190 -Infinity []}
1195	{1195 -13.2620 []}
1200	{1200 -Infinity [229, 341, 1201, 1202, 1203, 1204, 1205, 1206, 1207, 1208]}
1205	{1205 -Infinity [141, 1849, 1850, 2996, 3065, 3066, 3067, 3068, 3069, 3070]}
1210	{1210 -16.7400 []}
1215	{1215 -16.7400 []}
1220	{1220 -20.4180 []}
1225	{1225 -Infinity []}
1230	{1230 -14.9293 [586, 862, 1061, 1900, 1923, 2723, 3670, 4540]}
1235	{1235 -12.2933 [123, 143, 176, 264, 352, 353, 390, 423, 718, 2338]}
1240	{1240 -13.5243 []}
1245	{1245 -7.5697 [5, 126, 146, 147, 149, 175, 180, 368, 422, 2018]}
1250	{1250 -16.5071 [193, 308, 878, 935, 1415, 1524, 2157, 2179, 3112, 3113]}
1255	{1255 -12.1894 [148, 150, 179, 352, 390, 906, 1317, 3115, 3116, 3117]}
1260	{1260 -Infinity [301, 1084, 1086, 1261, 1262, 1263, 1264, 1265, 1266]}
1265	{1265 -14.1385 [2377]}
1270	{1270 -16.6814 []}
1275	{1275 -12.9376 [1276, 1277, 1278, 1279, 1280, 1281, 1282, 1283, 1284, 1285]}
1280	{1280 -13.9412 []}
1285	{1285 -15.4027 []}
1290	{1290 -14.9350 [176, 177, 179, 248, 249, 352, 422, 427, 717, 1317]}
1295	{1295 -Infinity []}
1300	{1300 -13.7837 []}
1305	{1305 -13.7386 [67, 124, 176, 339, 427, 1669, 1749, 3150, 3151, 3152]}
1310	{1310 -17.9277 [9, 122, 123, 124, 128, 179, 367, 369, 427, 1317]}
1315	{1315 -Infinity []}
1320	{1320 -14.0940 []}
1325	{1325 -8.1720 [731]}
1330	{1330 -10.2187 []}
1335	{1335 -14.2677 []}
1340	{1340 -19.5690 []}
1345	{1345 -15.3064 []}
1350	{1350 -9.7607 []}
1355	{1355 -19.6332 []}
1360	{1360 -17.7145 [968, 1561, 2356, 2918, 3223]}
1365	{1365 -15.8007 [1087, 1361, 1477, 2082, 3209, 3210, 3211, 3212, 3213]}
1370	{1370 -15.0957 [825, 1371, 1372, 1373, 1374, 1375, 1376, 1377, 1378]}
1375	{1375 -17.0355 []}
1380	{1380 -15.2717 [41, 385, 1437, 1899, 2054, 2272, 3076, 3156, 3235, 3236]}
1385	{1385 -12.6213 [69, 191, 616, 3213, 3248, 3249, 3250, 3251, 3252, 3253]}
1390	{1390 -11.1910 [313, 387, 1942, 2322, 2904, 3230, 3231, 3232, 3233, 3234]}
1395	{1395 -11.4395 []}
1400	{1400 -15.7877 [326, 657, 922, 3262, 3263, 3264, 3265, 3266, 3267, 3268]}
1405	{1405 -17.7211 []}
1410	{1410 -Infinity []}
1415	{1415 -14.2267 [17, 455, 747, 2119, 2311, 2897, 2975, 3271, 3272, 3273]}
1420	{1420 -15.7463 []}
1425	{1425 -11.4682 []}
1430	{1430 -10.3792 [125, 126, 144, 149, 250, 422, 423, 718, 754, 856]}
1435	{1435 -12.3211 []}
1440	{1440 -18.6037 [292, 1177, 1557, 1718, 2656, 3302, 3303, 3304, 3305, 3306]}
1445	{1445 -Infinity [326, 502, 578, 1446, 1447, 1448, 1449, 1450, 1451, 1452]}
1450	{1450 -Infinity []}
1455	{1455 -Infinity []}
1460	{1460 -26.6096 [1461]}
1465	{1465 -Infinity []}
1470	{1470 -Infinity []}
1475	{1475 -10.0770 []}
1480	{1480 -15.2793 []}
1485	{1485 -10.5517 [8, 9, 121, 125, 128, 129, 144, 352, 427, 1246]}
1490	{1490 -10.9660 []}
1495	{1495 -23.9660 [1496]}
1500	{1500 -17.5956 []}
1505	{1505 -14.1656 []}
1510	{1510 -17.7870 []}
1515	{1515 -13.9528 []}
1520	{1520 -Infinity [609, 614, 883, 958, 1521, 1522, 1523, 1524, 1525, 1526]}
1525	{1525 -Infinity []}
1530	{1530 -12.9016 []}
1535	{1535 -9.2823 [261, 694, 1608, 1631, 1940, 2179, 2724, 3334, 3335, 3336]}
1540	{1540 -10.8208 [111, 676, 1023, 1050, 1167, 1541, 1542, 1543, 1544, 1545]}
1545	{1545 -13.2526 [1837]}
1550	{1550 -14.9918 [126, 145, 149, 183, 246, 390, 423, 667, 718, 856]}
1555	{1555 -14.7904 []}
1560	{1560 -15.2004 []}
1565	{1565 -13.9961 []}
1570	{1570 -9.4701 []}
1575	{1575 -8.5957 []}
1580	{1580 -Infinity []}
1585	{1585 -16.9904 [281, 562, 1586, 1587, 1588, 1589, 1590, 1591, 1592, 1593]}
1590	{1590 -15.7842 [710, 894, 1179, 1688, 1886, 2643, 3104, 3369, 3370]}
1595	{1595 -18.9743 []}
1600	{1600 -19.0144 [127, 248, 264, 367, 390, 422, 423, 559, 666, 667]}
1605	{1605 -20.9387 [102, 430, 472, 1024, 1297, 1381, 1606, 1607, 1608, 1609]}
1610	{1610 -17.7805 [60, 234, 269, 721, 1539, 1611, 1612, 1613, 1614, 1615]}
1615	{1615 -16.5251 []}
1620	{1620 -11.3867 [112, 342, 1658, 2262, 2612, 2634, 2706, 3027, 3382, 3383]}
1625	{1625 -Infinity [29, 303, 364, 1061, 1626, 1627, 1628, 1629, 1630, 1631]}
1630	{1630 -14.9857 []}
1635	{1635 -16.5617 []}
1640	{1640 -22.1721 []}
1645	{1645 -14.2545 []}
1650	{1650 -14.2236 [526, 876, 1135, 1565, 1651, 1652, 1653, 1654, 1655, 1656]}
1655	{1655 -14.0806 []}
1660	{1660 -Infinity []}
1665	{1665 -19.0573 [126, 251, 264, 265, 266, 368, 666, 667, 1666, 1667]}
1670	{1670 -12.8942 [113, 473, 1049, 1321, 1540, 2298, 2896, 3014, 3166, 3572]}
1675	{1675 -11.8926 [214, 281, 322, 402, 554, 776, 829, 858, 898, 1026 ... (37 more) ]}
1680	{1680 -Infinity [2131]}
1685	{1685 -17.2838 [222, 521, 779, 1652, 1686, 1687, 1688, 1689, 1690, 1691]}
1690	{1690 -11.2092 []}
1695	{1695 -12.8978 []}
1700	{1700 -10.5111 [23, 436, 451, 2165, 2324, 3455, 3456, 3457, 3458]}
1705	{1705 -13.1373 []}
1710	{1710 -18.8948 [1711]}
1715	{1715 -17.5500 []}
1720	{1720 -16.5461 []}
1725	{1725 -16.0077 []}
1730	{1730 -14.9653 []}
1735	{1735 -15.9821 [103, 298, 982, 1332, 1736, 1737, 1738, 1739, 1740, 1741]}
1740	{1740 -12.7012 [38, 106, 605, 1133, 1209, 1631, 3273, 3497, 3498, 3499]}
1745	{1745 -Infinity []}
1750	{1750 -14.2786 [158, 231, 1216, 1217, 1424, 1717, 2385, 3510, 3511, 3512]}
1755	{1755 -16.4916 []}
1760	{1760 -14.2287 []}
1765	{1765 -15.1446 [839, 2420, 2477, 3086, 3185, 3193, 3197, 3301, 3527]}
1770	{1770 -12.7486 [2322]}
1775	{1775 -12.2154 []}
1780	{1780 -12.0282 [1666, 2049, 3533, 3534, 3535]}
1785	{1785 -Infinity [174, 1574, 1786, 1787, 1788, 1789, 1790, 1791, 1792, 1793]}
1790	{1790 -16.3895 []}
1795	{1795 -19.6532 []}
1800	{1800 -9.8258 []}
1805	{1805 -11.0228 [871, 1806, 1807, 1808, 1809, 1810, 1811, 1812, 1813, 1814]}
1810	{1810 -13.4879 []}
1815	{1815 -16.5727 [459, 801, 808, 892, 1794, 1816, 1817, 1818, 1819, 1820]}
1820	{1820 -19.0378 [894, 1022, 1139, 2358, 3557, 3558, 3559, 3560, 3561, 3562]}
1825	{1825 -21.4956 []}
1830	{1830 -12.7637 []}
1835	{1835 -Infinity []}
1840	{1840 -14.3679 []}
1845	{1845 -11.6775 []}
1850	{1850 -12.4920 [21, 191, 585, 2041, 3039, 3595, 3596, 3597, 3598, 3599]}
1855	{1855 -18.1555 [161, 473, 552, 1670, 1731, 2563, 3364, 3572, 3600, 3601]}
1860	{1860 -9.4969 []}
1865	{1865 -12.9181 []}
1870	{1870 -12.9832 [71, 642, 706, 1705, 1714, 1871, 1872, 1873, 1874, 1875]}
1875	{1875 -15.4483 []}
1880	{1880 -19.8633 [219, 363, 846, 925, 1001, 2563, 3105, 3629, 3630, 3631]}
1885	{1885 -12.5205 [5, 143, 144, 147, 174, 252, 264, 390, 423, 558]}
1890	{1890 -10.5038 [39, 158, 1047, 3341, 3639, 3640, 3641, 3642, 3643, 3644 ... (24 more) ]}
1895	{1895 -9.3509 [1860]}
1900	{1900 -5.7350 []}
1905	{1905 -9.8802 []}
1910	{1910 -15.4348 [271, 549, 659, 711, 1180, 1583, 2288, 2634, 2833, 3682]}
1915	{1915 -12.4573 []}
1920	{1920 -10.3452 [255, 1005, 1048, 1548, 1772, 1956, 2709, 3685, 3686, 3687]}
1925	{1925 -16.5776 []}
1930	{1930 -16.5369 [190, 814, 923, 1655, 2900, 3703, 3704, 3705, 3706, 3707]}
1935	{1935 -14.6012 []}
1940	{1940 -11.5233 []}
1945	{1945 -11.7951 [151, 178, 814, 1144, 1228, 1653, 2288, 3722, 3723, 3724]}
1950	{1950 -11.4218 [1528, 2089, 2462, 2652, 2931]}
1955	{1955 -10.6320 []}
1960	{1960 -12.4679 []}
1965	{1965 -17.7552 []}
1970	{1970 -16.7592 []}
1975	{1975 -8.1043 []}
1980	{1980 -10.2743 []}
1985	{1985 -12.8506 []}
1990	{1990 -12.1013 []}
1995	{1995 -18.2806 [3767]}
2000	{2000 -17.8938 []}
2005	{2005 -13.7077 []}
2010	{2010 -13.9403 []}
2015	{2015 -10.5157 []}
2020	{2020 -13.5521 [5, 126, 144, 145, 149, 176, 247, 249, 251, 352]}
2025	{2025 -19.6600 []}
2030	{2030 -13.3105 []}
2035	{2035 -10.3637 []}
2040	{2040 -10.8205 []}
2045	{2045 -16.0777 []}
2050	{2050 -13.9241 [136, 458, 1414, 1661, 1747, 2630, 3822, 3823, 3824, 3825]}
2055	{2055 -13.9540 [31, 489, 2065, 3290, 3828, 3829, 3830, 3831, 3832, 3833]}
2060	{2060 -8.6445 [3551]}
2065	{2065 -15.1949 [585]}
2070	{2070 -9.2881 [45, 658, 1425, 2167, 2595, 2966, 3834, 3835, 3836, 3837]}
2075	{2075 -9.2871 [219, 668, 1575, 1647, 1786, 1913, 2229, 2418, 3586, 3838]}
2080	{2080 -10.0273 [71, 1027, 2424, 2602, 2653, 3055, 3448, 3839, 3840, 3841]}
2085	{2085 -12.4170 []}
2090	{2090 -15.0785 []}
2095	{2095 -15.2117 [3862]}
2100	{2100 -15.1678 []}
2105	{2105 -11.2876 []}
2110	{2110 -17.5897 []}
2115	{2115 -12.8660 [123, 199, 751, 1506, 2474, 2805, 3365, 3595, 3886, 3887]}
2120	{2120 -17.3171 []}
2125	{2125 -11.4106 []}
2130	{2130 -10.9903 []}
2135	{2135 -Infinity []}
2140	{2140 -19.4968 []}
2145	{2145 -20.8294 [262, 1407, 1637, 1926, 3900, 3901, 3902, 3903, 3904, 3905]}
2150	{2150 -14.6836 []}
2155	{2155 -14.2992 []}
2160	{2160 -13.8823 []}
2165	{2165 -12.8411 []}
2170	{2170 -12.4019 []}
2175	{2175 -16.1604 []}
2180	{2180 -22.6255 []}
2185	{2185 -11.3042 []}
2190	{2190 -14.0762 []}
2195	{2195 -14.2483 [244, 1087, 2697, 2981, 3205, 3319, 3916, 3917, 3918]}
2200	{2200 -10.3171 []}
2205	{2205 -14.6138 [938, 1608, 1849, 3109, 4080, 5310, 5724, 6000, 6001]}
2210	{2210 -8.5568 []}
2215	{2215 -10.1073 []}
2220	{2220 -15.5403 []}
2225	{2225 -5.6397 [604, 1054, 1129, 2278, 2476, 2600, 2733, 3235, 3931, 3932]}
2230	{2230 -15.8970 []}
2235	{2235 -17.6570 []}
2240	{2240 -16.8363 []}
2245	{2245 -16.1061 [4092]}
2250	{2250 -17.4462 []}
2255	{2255 -11.1908 []}
2260	{2260 -15.0031 [38, 1688, 2191, 2941, 3804, 4501, 4894, 5909, 6108, 6181]}
2265	{2265 -14.3709 []}
2270	{2270 -15.5890 []}
2275	{2275 -10.3248 [587, 989, 1435, 2412, 2726, 3768, 3958, 3959, 3960, 3961]}
2280	{2280 -11.7636 []}
2285	{2285 -12.5663 [309, 1019, 1176, 2848, 3164, 3457, 3977, 3979, 3980, 3981]}
2290	{2290 -13.7532 [10, 121, 128, 145, 266, 352, 422, 559, 666, 1317]}
2295	{2295 -12.9465 [76, 612, 1512, 2348, 2403, 2868, 3082, 3127, 3794]}
2300	{2300 -10.5947 [136, 388, 1456, 1457, 1677, 1936, 3995, 3996, 3997]}
2305	{2305 -10.4388 []}
2310	{2310 -11.8688 []}
2315	{2315 -18.3852 [458, 869, 881, 1447, 2886, 3547, 4000, 4001, 4002, 4003]}
2320	{2320 -15.4095 []}
2325	{2325 -11.8209 [3144, 3894, 3963, 4021, 4022, 4023, 4024, 4025, 4026]}
2330	{2330 -14.1301 []}
2335	{2335 -11.9030 []}
2340	{2340 -17.2018 []}
2345	{2345 -14.3428 [510, 881, 3034, 3184, 3547, 4001, 4002, 4042, 4043, 4044]}
2350	{2350 -12.4798 [4, 5, 17, 121, 122, 126, 180, 247, 250, 424]}
2355	{2355 -15.5539 []}
2360	{2360 -8.0853 [740, 925, 1062, 1245, 3550, 3626, 4053, 4054, 4055, 4056]}
2365	{2365 -15.9579 []}
2370	{2370 -11.5247 []}
2375	{2375 -11.6049 [2035, 2298, 3112, 3695, 4057, 4058, 4059, 4060, 4061, 4062]}
2380	{2380 -11.5368 []}
2385	{2385 -10.5000 []}
2390	{2390 -15.9137 []}
2395	{2395 -10.8239 []}
2400	{2400 -10.9509 []}
2405	{2405 -9.9330 []}
2410	{2410 -7.9232 []}
2415	{2415 -7.9235 []}
2420	{2420 -12.5172 [503, 614, 1763, 2298, 3014, 3071, 3439, 3860, 4093, 4094]}
2425	{2425 -11.8457 [108, 354, 1968, 2155, 2964, 3046, 4098, 4099, 4100, 4101]}
2430	{2430 -14.3099 []}
2435	{2435 -16.8670 []}
2440	{2440 -14.3100 [1881, 4957, 5304, 5305]}
2445	{2445 -11.1673 []}
2450	{2450 -18.9349 []}
2455	{2455 -18.3456 []}
2460	{2460 -18.3456 [892, 1019, 1342, 1476, 2530, 2531, 2532, 3874, 4110, 4111]}
2465	{2465 -12.3880 [3, 31, 124, 146, 175, 180, 247, 266, 367, 2001]}
2470	{2470 -14.7955 []}
2475	{2475 -13.5021 []}
2480	{2480 -12.9729 []}
2485	{2485 -18.7873 [33, 100, 568, 2422, 2588, 2654, 3335, 4124, 4125, 4126]}
2490	{2490 -13.3251 [3, 147, 176, 251, 264, 367, 427, 559, 718, 2018]}
2495	{2495 -15.0677 []}
2500	{2500 -13.3867 [297, 660, 1573, 2221, 3057, 3705, 4148, 4149, 4150, 4151]}
2505	{2505 -29.0281 [23, 133, 916, 3594, 4137]}
2510	{2510 -29.0281 [49, 101, 1339, 1628, 2114, 2231, 3077, 4138, 4139, 4140]}
2515	{2515 -14.1363 []}
2520	{2520 -11.3755 []}
2525	{2525 -15.7934 []}
2530	{2530 -17.9529 [63, 933, 1220, 1618, 2579, 2626, 3758, 4155, 4156, 4157]}
2535	{2535 -14.9414 []}
2540	{2540 -12.9777 []}
2545	{2545 -16.8112 []}
2550	{2550 -15.7187 [2163]}
2555	{2555 -16.5496 []}
2560	{2560 -17.5957 []}
2565	{2565 -20.5398 []}
2570	{2570 -12.6617 []}
2575	{2575 -14.7726 [484, 548, 568, 690, 756, 872, 1025, 2897, 4173, 4174]}
2580	{2580 -9.7621 []}
2585	{2585 -15.6165 []}
2590	{2590 -15.8981 [57, 1376, 2248, 4186]}
2595	{2595 -10.6723 []}
2600	{2600 -7.3020 []}
2605	{2605 -13.5552 []}
2610	{2610 -13.5552 []}
2615	{2615 -9.9430 [453, 1273, 1656, 2787, 3053, 3509, 4143, 4219, 4220, 4221]}
2620	{2620 -10.0033 []}
2625	{2625 -12.7186 []}
2630	{2630 -9.8114 []}
2635	{2635 -11.6734 [955, 1265, 1427, 1584, 1602, 1699, 2269, 3310, 4238, 4239]}
2640	{2640 -11.7863 []}
2645	{2645 -10.7046 []}
2650	{2650 -13.3499 []}
2655	{2655 -10.7960 []}
2660	{2660 -14.6673 [1840]}
2665	{2665 -15.2740 []}
2670	{2670 -14.0095 [4, 121, 145, 148, 174, 252, 265, 422, 559, 666]}
2675	{2675 -16.7144 []}
2680	{2680 -18.4915 [1466, 1685, 2881, 3023, 3207, 3247, 4095, 4237, 4256]}
2685	{2685 -21.1643 []}
2690	{2690 -11.7762 [581, 1493, 1636, 1936, 2234, 2823, 4258, 4259, 4260, 4261]}
2695	{2695 -14.0393 [3, 124, 127, 264, 353, 718, 1245, 1670, 1878, 1989]}
2700	{2700 -14.4804 []}
2705	{2705 -10.2571 []}
2710	{2710 -8.0957 [163, 464, 919, 2911, 2948, 3196, 4272, 4273]}
2715	{2715 -16.4400 [285, 693, 1310, 1592, 1792, 2476, 2595, 2891, 3335, 4061]}
2720	{2720 -13.3135 []}
2725	{2725 -17.6964 []}
2730	{2730 -13.8169 []}
2735	{2735 -8.1768 [92, 487, 892, 1718, 2952, 3163, 3169, 3471, 4291, 4292]}
2740	{2740 -15.5498 []}
2745	{2745 -12.3816 []}
2750	{2750 -12.1513 [7, 8, 125, 128, 174, 238, 368, 424, 717, 856]}
2755	{2755 -14.0808 []}
2760	{2760 -10.9561 []}
2765	{2765 -14.5173 []}
2770	{2770 -16.1599 [5, 8, 123, 145, 148, 238, 353, 424, 427, 2338]}
2775	{2775 -18.3189 []}
2780	{2780 -16.9447 []}
2785	{2785 -12.0932 []}
2790	{2790 -12.5373 [8, 121, 128, 144, 147, 266, 352, 424, 559, 1317]}
2795	{2795 -12.9574 []}
2800	{2800 -15.4192 []}
2805	{2805 -13.3589 []}
2810	{2810 -11.6156 []}
2815	{2815 -11.6156 []}
2820	{2820 -11.0916 []}
2825	{2825 -15.7981 []}
2830	{2830 -Infinity []}
2835	{2835 -Infinity [815, 1197, 1234, 2821, 3351, 4191, 4330, 4331, 4332, 4333]}
2840	{2840 -13.5209 []}
2845	{2845 -Infinity []}
2850	{2850 -18.2355 []}
2855	{2855 -20.4995 []}
2860	{2860 -15.3480 [122, 127, 143, 177, 179, 367, 369, 390, 422, 718]}
2865	{2865 -14.0963 []}
2870	{2870 -14.0498 [23, 1431, 1754, 2344, 2778, 4360, 4361, 4362, 4363, 4364]}
2875	{2875 -12.4596 [141, 396, 848, 2313, 3327, 3894, 4051, 4357, 4358, 4359]}
2880	{2880 -11.4185 []}
2885	{2885 -13.6407 [129, 176, 177, 180, 266, 368, 390, 427, 667, 856]}
2890	{2890 -15.6500 [56, 442, 1279, 2220, 3156, 3794, 4368, 4397, 4398]}
2895	{2895 -15.8090 []}
2900	{2900 -15.2081 [177, 303, 1487, 2751, 3142, 3179, 3544, 4384, 4385, 4386]}
2905	{2905 -14.2260 []}
2910	{2910 -15.2623 []}
2915	{2915 -21.8559 []}
2920	{2920 -17.1039 []}
2925	{2925 -14.4265 []}
2930	{2930 -16.4319 [2158]}
2935	{2935 -12.8328 []}
2940	{2940 -12.9333 []}
2945	{2945 -16.3310 []}
2950	{2950 -14.2055 [4435]}
2955	{2955 -12.6204 []}
2960	{2960 -11.9207 []}
2965	{2965 -13.6187 []}
2970	{2970 -16.2322 []}
2975	{2975 -8.0855 []}
2980	{2980 -18.0791 []}
2985	{2985 -14.7958 []}
2990	{2990 -24.2089 []}
2995	{2995 -15.1662 []}
3000	{3000 -13.6823 []}
3005	{3005 -15.7238 []}
3010	{3010 -14.0518 [31, 709, 845, 1544, 3056, 4425, 4449, 4450, 4451, 4452]}
3015	{3015 -17.4738 []}
3020	{3020 -18.6229 []}
3025	{3025 -18.4533 [3221, 3271, 3335, 4473, 4474]}
3030	{3030 -12.1260 []}
3035	{3035 -17.0415 []}
3040	{3040 -17.2051 [4, 5, 122, 123, 128, 144, 175, 176, 424]}
3045	{3045 -16.1932 [42, 125, 219, 550, 614, 2004, 2499, 3104, 4475, 4476]}
3050	{3050 -15.0563 []}
3055	{3055 -11.9993 []}
3060	{3060 -14.8838 [92, 268, 393, 1720, 2114, 2451, 2500, 3609, 3959, 4295]}
3065	{3065 -13.9160 []}
3070	{3070 -13.4088 []}
3075	{3075 -Infinity []}
3080	{3080 -12.0992 [38, 706, 1904, 3334, 3409, 3679, 3698, 3849, 4501, 4502]}
3085	{3085 -19.4968 []}
3090	{3090 -17.8134 []}
3095	{3095 -16.0364 [369, 493, 553, 1599, 1796, 2211, 3220, 4521, 4522, 4523 ... (8 more) ]}
3100	{3100 -22.2141 [303, 1017, 1221, 1941, 2932, 3123, 3722, 3788, 4171, 4544]}
3105	{3105 -12.2268 []}
3110	{3110 -15.0811 []}
3115	{3115 -13.1767 [262, 1100, 1415, 1845, 1889, 2113, 3699, 4539, 4540, 4541]}
3120	{3120 -13.5119 [178, 253, 263, 553, 2325, 2497, 3826, 3942, 4542, 4543]}
3125	{3125 -13.5209 []}
3130	{3130 -17.7808 []}
3135	{3135 -17.8312 [283, 476, 1511, 1714, 2860, 3343, 3463, 4419, 4551, 4552]}
3140	{3140 -11.8055 [477, 2593, 2746, 3364, 3687, 4159, 4437, 5629, 5931, 6071]}
3145	{3145 -16.2862 []}
3150	{3150 -16.2037 []}
3155	{3155 -17.8678 []}
3160	{3160 -15.6115 [2734, 3138, 4510, 4556, 4557, 4558, 4559, 4560, 4561, 4562]}
3165	{3165 -5.7195 []}
3170	{3170 -8.6740 []}
3175	{3175 -14.2783 []}
3180	{3180 -16.1271 []}
3185	{3185 -12.7357 []}
3190	{3190 -18.5566 [123, 124, 367, 368, 667, 857, 1208, 4577, 4578, 4579]}
3195	{3195 -19.7287 []}
3200	{3200 -10.5323 [924, 1517, 2773, 2916, 2943, 3516, 4289, 4478, 4585, 4586]}
3205	{3205 -12.6579 []}
3210	{3210 -18.1604 [691, 2055, 2691, 2935, 3221, 4594, 4595, 4596, 4597, 4598]}
3215	{3215 -12.0476 []}
3220	{3220 -12.6956 [152, 503, 507, 548, 2345, 2575, 4600, 4601, 4602]}
3225	{3225 -14.7365 [108, 756, 763, 2911, 3438, 3679, 3748, 4611, 4612, 4613]}
3230	{3230 -12.3224 []}
3235	{3235 -8.0972 [255, 542, 884, 1313, 1538, 2726, 2758, 4620, 4621, 4622]}
3240	{3240 -16.3537 []}
3245	{3245 -15.2886 []}
3250	{3250 -14.6496 [1903]}
3255	{3255 -17.5716 [127, 146, 250, 367, 369, 423, 697, 754, 856]}
3260	{3260 -13.2678 [1212, 1830, 1845, 1936, 2108, 2470, 2563, 2729, 3601]}
3265	{3265 -18.2527 []}
3270	{3270 -17.5355 [522, 4150, 4365, 4642, 4643]}
3275	{3275 -11.2368 []}
3280	{3280 -13.9417 []}
3285	{3285 -15.3610 [17, 1768, 1827, 1972, 2244, 3047, 5638, 6036, 6037, 6038]}
3290	{3290 -12.7738 []}
3295	{3295 -12.6460 [925, 1387, 1451, 1587, 2322, 2430, 2790, 3586, 4288, 4663]}
3300	{3300 -10.1763 []}
3305	{3305 -13.6586 [115, 911, 2189, 2955, 3189, 3486, 3524, 3537, 4469, 4662]}
3310	{3310 -12.3763 [296, 1444, 1529, 2453, 3211, 4664, 4665, 4666, 4667, 4668]}
3315	{3315 -15.0453 [1362, 2087, 2425, 2999, 3156, 3849, 4375, 4559, 4671, 4672]}
3320	{3320 -14.2966 []}
3325	{3325 -16.0891 []}
3330	{3330 -16.3292 []}
3335	{3335 -11.5422 []}
3340	{3340 -13.6766 []}
3345	{3345 -12.9092 []}
3350	{3350 -13.6583 [648, 1454, 1812, 2177, 2825, 3363, 4657, 4690, 4691, 4692]}
3355	{3355 -18.9690 [584, 1837, 2629, 3035, 3319, 3335, 4693, 4694, 4695, 4696]}
3360	{3360 -15.1515 [418]}
3365	{3365 -10.3246 []}
3370	{3370 -14.4341 []}
3375	{3375 -12.5086 []}
3380	{3380 -16.3605 [248, 487, 910, 1801, 2002, 3350, 4716, 4717, 4718]}
3385	{3385 -13.2008 []}
3390	{3390 -15.8920 [661, 976, 1023, 1313, 1530, 1802, 2981, 3727, 4725, 4726]}
3395	{3395 -11.4298 []}
3400	{3400 -13.7360 []}
3405	{3405 -12.1753 [732, 1947, 2751, 3232, 3237, 4223, 4735, 4736, 4737, 4738]}
3410	{3410 -13.3823 []}
3415	{3415 -8.0952 [17, 125, 148, 266, 559, 697, 753, 1317, 1920]}
3420	{3420 -15.9053 []}
3425	{3425 -15.9053 []}
3430	{3430 -15.9053 [4758]}
3435	{3435 -15.9053 []}
3440	{3440 -18.7658 []}
3445	{3445 -18.3724 []}
3450	{3450 -18.3258 []}
3455	{3455 -11.7052 []}
3460	{3460 -11.8105 []}
3465	{3465 -12.5239 [7, 8, 126, 149, 427, 1246, 1388, 2538, 4551, 4769]}
3470	{3470 -12.8573 [583, 1947, 2360, 2528, 2636, 4155, 4775, 4776, 4777]}
3475	{3475 -12.6228 [18, 498, 1476, 1554, 2383, 3219, 3717, 4778, 4779]}
3480	{3480 -15.6798 [341, 343, 347, 2306, 2307, 2337, 3343, 4170, 4628, 4663]}
3485	{3485 -12.3941 []}
3490	{3490 -14.8059 [4781]}
3495	{3495 -14.4255 [3, 145, 174, 176, 177, 249, 251, 353, 1317, 3995]}
3500	{3500 -19.9127 [2127, 2420, 4185, 4626, 4782, 4783, 4784, 4785, 4786, 4787]}
3505	{3505 -Infinity [3, 143, 145, 177, 251, 353, 753, 754, 3002, 3132]}
3510	{3510 -16.7437 []}
3515	{3515 -17.3908 [3, 4, 127, 147, 176, 264, 427, 666, 667]}
3520	{3520 -26.6232 []}
3525	{3525 -26.6232 []}
3530	{3530 -13.3392 []}
3535	{3535 -13.8001 [32]}
3540	{3540 -14.7468 []}
3545	{3545 -15.9517 []}
3550	{3550 -10.5366 [748, 813, 1587, 1766, 2198, 2744, 2859, 3080, 4280, 4815]}
3555	{3555 -15.6040 [1039, 1792, 2314, 4148, 4350, 4362, 4675, 4818, 4819, 4820]}
3560	{3560 -21.5030 [126, 224, 756, 820, 821, 1362, 3105, 4450, 4821, 4822]}
3565	{3565 -15.4584 []}
3570	{3570 -14.9761 []}
3575	{3575 -21.8484 [1842]}
3580	{3580 -12.2686 []}
3585	{3585 -21.8484 []}
3590	{3590 -12.0709 [4845]}
3595	{3595 -13.6749 []}
3600	{3600 -16.6882 []}
3605	{3605 -14.7048 [731]}
3610	{3610 -Infinity []}
3615	{3615 -10.9967 [155, 2324, 2502, 2504, 3345, 4145, 4864, 4865]}
3620	{3620 -16.8282 []}
3625	{3625 -16.3166 []}
3630	{3630 -22.2910 []}
3635	{3635 -12.6373 [1144, 2170, 2332, 3860, 4136, 4872, 4873, 4874, 4875, 4876]}
3640	{3640 -14.1927 []}
3645	{3645 -14.1927 []}
3650	{3650 -14.1927 []}
3655	{3655 -14.1927 []}
3660	{3660 -13.2796 [3, 122, 459, 1252, 1849, 2077, 3178, 4170, 4772, 4881]}
3665	{3665 -14.1927 []}
3670	{3670 -15.2376 [406, 933, 1787, 2344, 2595, 3699, 3922, 4540, 4870, 4882]}
3675	{3675 -12.0582 []}
3680	{3680 -11.3273 []}
3685	{3685 -12.8104 []}
3690	{3690 -12.9943 [252, 360, 1224, 1288, 3868, 4200, 4884, 4885, 4886, 4887]}
3695	{3695 -13.4035 []}
3700	{3700 -7.9989 [803, 1050, 1317, 1396, 1437, 1481, 2054, 2114, 4017, 4899]}
3705	{3705 -15.8098 [276, 552, 995, 1947, 1972, 2430, 3594, 4891, 4892]}
3710	{3710 -12.9251 [3335, 3708, 4959]}
3715	{3715 -9.0588 [116, 429, 2287, 4002, 4476, 4839, 4894, 4895, 4896, 4897 ... (1 more) ]}
3720	{3720 -15.8270 []}
3725	{3725 -13.6486 []}
3730	{3730 -13.1015 []}
3735	{3735 -13.1898 []}
3740	{3740 -16.5283 []}
3745	{3745 -16.0858 []}
3750	{3750 -12.3272 []}
3755	{3755 -14.8206 []}
3760	{3760 -17.0709 []}
3765	{3765 -18.5645 [921, 4586, 4796, 4918, 4919]}
3770	{3770 -18.4431 []}
3775	{3775 -15.5788 []}
3780	{3780 -13.7087 []}
3785	{3785 -14.4687 []}
3790	{3790 -13.1466 [256, 413, 459, 1305, 1940, 2113, 2841, 3288, 4160, 4581]}
3795	{3795 -15.4851 []}
3800	{3800 -18.6379 []}
3805	{3805 -18.6297 [2059, 2238, 4508, 5001, 5848, 5849, 5850, 5851, 5852, 5853]}
3810	{3810 -16.0327 [1471, 1591, 2037, 2038, 2625, 3822, 4213, 4932, 4933]}
3815	{3815 -15.1202 [178, 1377, 1614, 2200, 2901, 3217, 3225, 3619, 4207, 4733]}
3820	{3820 -14.0677 [3, 8, 122, 127, 129, 143, 146, 147, 369, 1245]}
3825	{3825 -16.3892 []}
3830	{3830 -16.4191 []}
3835	{3835 -11.7532 []}
3840	{3840 -12.1798 []}
3845	{3845 -13.8430 []}
3850	{3850 -12.4409 [125, 129, 146, 249, 251]}
3855	{3855 -12.7278 []}
3860	{3860 -14.2049 []}
3865	{3865 -10.4637 [23, 1235, 2036, 4173, 4904, 4963, 4964, 4965, 4966, 4967]}
3870	{3870 -17.3982 []}
3875	{3875 -19.8125 []}
3880	{3880 -13.4567 []}
3885	{3885 -13.4537 [2051, 2164, 2708, 3362, 3587]}
3890	{3890 -16.3270 [3, 123, 129, 251, 264, 367, 426, 427, 718, 2717]}
3895	{3895 -13.5074 []}
3900	{3900 -13.6670 [158, 1243, 1331, 2024, 3416, 4752, 4916, 4988, 4989, 4990]}
3905	{3905 -10.6420 []}
3910	{3910 -21.2996 [122, 124, 127, 143, 247, 264, 352, 353, 390, 1245]}
3915	{3915 -8.1045 []}
3920	{3920 -17.1742 [49, 1056, 1512, 1739, 2789, 3322, 4412, 4597, 4716, 4997]}
3925	{3925 -12.7682 []}
3930	{3930 -14.9331 [1228, 1777, 1928, 2933, 3331, 4461, 5004, 5005, 5006, 5007]}
3935	{3935 -8.1043 []}
3940	{3940 -17.0819 []}
3945	{3945 -15.3256 [122, 123, 124, 126, 149, 177, 247, 698]}
3950	{3950 -13.4502 []}
3955	{3955 -16.0505 []}
3960	{3960 -12.7878 []}
3965	{3965 -14.2123 []}
3970	{3970 -10.5438 []}
3975	{3975 -11.2793 [57]}
3980	{3980 -10.2495 []}
3985	{3985 -17.0038 [563, 1846, 2489, 2517, 3819, 3863, 3988, 4241, 4565, 5023]}
3990	{3990 -15.3622 []}
3995	{3995 -10.3791 []}
4000	{4000 -20.8503 [294, 2964, 4658, 4961, 5038]}
4005	{4005 -14.2251 [1228, 1537, 1587, 2291, 2547, 2563, 3846, 5048, 5049, 5050]}
4010	{4010 -12.8932 [110, 2795, 3003, 3404, 4533, 4904, 5045, 5046, 5047]}
4015	{4015 -13.8638 []}
4020	{4020 -13.6920 []}
4025	{4025 -14.1806 []}
4030	{4030 -13.5356 []}
4035	{4035 -15.2413 []}
4040	{4040 -15.8055 []}
4045	{4045 -8.1844 []}
4050	{4050 -17.0423 []}
4055	{4055 -10.5504 []}
4060	{4060 -14.0697 [1571, 1918, 2543, 2571, 2745, 2935, 3153, 4172, 4492, 4919]}
4065	{4065 -13.8077 []}
4070	{4070 -12.5251 [633, 989, 1726, 2207, 2615, 2641, 5059, 5063, 5064, 5065]}
4075	{4075 -13.0352 []}
4080	{4080 -12.7053 []}
4085	{4085 -12.9224 []}
4090	{4090 -10.3881 []}
4095	{4095 -16.7944 [38, 257, 573, 2274, 3299, 3409, 4164, 4230, 4695, 5077]}
4100	{4100 -14.3108 []}
4105	{4105 -11.9261 []}
4110	{4110 -20.8107 []}
4115	{4115 -17.9813 []}
4120	{4120 -12.9687 []}
4125	{4125 -21.2411 []}
4130	{4130 -12.6440 []}
4135	{4135 -15.6079 []}
4140	{4140 -31.4987 [248, 344, 387, 894, 1942, 2383, 2394, 3921, 4210, 5090]}
4145	{4145 -12.9236 []}
4150	{4150 -15.2224 []}
4155	{4155 -15.2115 []}
4160	{4160 -13.9827 [3, 7, 9, 124, 125, 126, 128, 176, 247, 424]}
4165	{4165 -12.8532 []}
4170	{4170 -11.9524 []}
4175	{4175 -14.7551 [5209]}
4180	{4180 -8.9739 [143, 476, 693, 911, 1272, 1273, 2808, 5126, 5127, 5128]}
4185	{4185 -16.0589 []}
4190	{4190 -12.3452 []}
4195	{4195 -13.6378 []}
4200	{4200 -10.2524 [429, 432, 1288, 1564, 1573, 1652, 2202, 3813]}
4205	{4205 -16.0160 [1501]}
4210	{4210 -14.4713 []}
4215	{4215 -13.2498 [532, 620, 1067, 1089, 1799, 3526, 3682, 4583, 5149]}
4220	{4220 -12.4081 [143, 146, 248, 249, 367, 390, 423, 427, 717, 1245]}
4225	{4225 -21.9563 []}
4230	{4230 -14.2169 [781, 1106, 3119, 3344, 3683, 4156, 5000, 5151, 5152, 5153]}
4235	{4235 -14.2473 [1516, 1698, 1786, 1804, 2218, 2400, 3129, 3362, 3473, 5154]}
4240	{4240 -13.2543 []}
4245	{4245 -19.2137 [437, 481, 505, 870, 1137, 1741, 1780, 2114, 2535, 4166]}
4250	{4250 -12.9217 []}
4255	{4255 -20.8011 [1146, 1635, 2694, 2936, 3181, 3813, 4578, 5166, 5167, 5168]}
4260	{4260 -14.2344 [3, 9, 123, 124, 149, 238, 249, 352, 367, 369]}
4265	{4265 -17.1264 []}
4270	{4270 -11.7232 []}
4275	{4275 -14.6511 [4, 122, 143, 146, 266, 367, 666, 667, 754, 856]}
4280	{4280 -12.7951 [464, 759, 828, 2709, 2948, 3081, 3859, 4133, 4584, 5181]}
4285	{4285 -14.3748 [92, 158, 1645, 1815, 1929, 3551, 4007, 4081, 5183, 5184 ... (7 more) ]}
4290	{4290 -16.4227 []}
4295	{4295 -13.8091 [96, 346, 509, 1632, 1942, 2175, 3292, 4032, 4286, 4533]}
4300	{4300 -13.7903 [11, 133, 1492, 2119, 2479, 3699, 5202, 5203, 5204]}
4305	{4305 -15.1324 []}
4310	{4310 -17.7291 []}
4315	{4315 -15.5493 []}
4320	{4320 -16.4095 []}
4325	{4325 -19.8580 []}
4330	{4330 -14.1686 [31, 126, 146, 148, 174, 250, 559, 856, 1245, 3779]}
4335	{4335 -15.9126 []}
4340	{4340 -16.3579 [1255, 1300, 1591, 1792, 2112, 2164, 3893, 5141, 5223, 5224]}
4345	{4345 -14.0070 []}
4350	{4350 -13.9991 []}
4355	{4355 -13.7359 [202, 472, 867, 1213, 1929, 4081, 5185, 5186, 5240, 5241]}
4360	{4360 -16.5149 [381, 1239, 2568, 3212, 3566, 4828, 5232, 5233, 5234]}
4365	{4365 -18.7687 []}
4370	{4370 -18.8715 []}
4375	{4375 -14.9864 []}
4380	{4380 -12.8273 []}
4385	{4385 -17.6732 []}
4390	{4390 -16.3607 [339, 527, 1339, 2066, 2839, 2973, 3524, 3661, 4723, 5250]}
4395	{4395 -12.6650 []}
4400	{4400 -12.9614 [762, 1647, 2170, 2579, 2599, 4097, 4867, 5260, 5261, 5262]}
4405	{4405 -12.4990 [3, 124, 177, 249, 251, 252, 264, 368, 559, 2018]}
4410	{4410 -15.2537 []}
4415	{4415 -15.2486 []}
4420	{4420 -17.4426 [224, 281, 386, 1401, 3358, 3448, 3590, 5270, 5271]}
4425	{4425 -10.4535 []}
4430	{4430 -16.6743 []}
4435	{4435 -14.3680 []}
4440	{4440 -22.3103 []}
4445	{4445 -15.8682 [4, 127, 143, 247, 249, 250, 369, 559, 667, 2001]}
4450	{4450 -16.5164 []}
4455	{4455 -13.0517 []}
4460	{4460 -20.4093 []}
4465	{4465 -12.1638 [143, 175, 176, 252, 367, 368, 422, 2001, 2018]}
4470	{4470 -16.1776 [4, 7, 126, 143, 147, 266, 422, 558, 754, 856]}
4475	{4475 -18.6583 []}
4480	{4480 -22.6827 []}
4485	{4485 -16.9596 []}
4490	{4490 -15.5237 [810, 981, 1199, 1297, 1342, 1607, 1608, 1867, 3617, 5320]}
4495	{4495 -16.7649 []}
4500	{4500 -Infinity [120, 1666, 1884, 4002, 4799, 4841, 5187, 5283, 5315, 5327]}
4505	{4505 -19.8416 [3456]}
4510	{4510 -17.9521 [157, 158, 442, 1317, 4177, 4958, 5328, 5329, 5330]}
4515	{4515 -12.0881 []}
4520	{4520 -14.0328 []}
4525	{4525 -19.0892 []}
4530	{4530 -19.0892 []}
4535	{4535 -16.1870 []}
4540	{4540 -15.2829 []}
4545	{4545 -16.5484 []}
4550	{4550 -12.9602 []}
4555	{4555 -18.6688 []}
4560	{4560 -18.0766 []}
4565	{4565 -12.9880 []}
4570	{4570 -12.9925 []}
4575	{4575 -16.3780 []}
4580	{4580 -18.2222 []}
4585	{4585 -12.9975 [158, 229, 1591, 2893, 3316, 3906, 4098, 4784, 4839, 5366]}
4590	{4590 -17.9224 []}
4595	{4595 -20.6255 []}
4600	{4600 -15.0550 []}
4605	{4605 -20.4210 []}
4610	{4610 -18.5561 []}
4615	{4615 -14.8230 []}
4620	{4620 -10.5623 [2645]}
4625	{4625 -13.5783 []}
4630	{4630 -Infinity []}
4635	{4635 -12.7902 [443, 664, 828, 942, 2772, 4066, 4333, 4439, 5396]}
4640	{4640 -11.4925 []}
4645	{4645 -16.6191 []}
4650	{4650 -15.0717 [605, 835, 1430, 2970, 3369, 5407, 5408, 5409, 5410]}
4655	{4655 -14.8452 []}
4660	{4660 -13.9162 []}
4665	{4665 -14.6150 [110, 566, 928, 2254, 2666, 2744, 2859, 3097, 5159, 5412]}
4670	{4670 -14.1948 []}
4675	{4675 -15.5574 []}
4680	{4680 -12.0134 [1900, 2477, 3590, 4080, 4625]}
4685	{4685 -16.6009 []}
4690	{4690 -16.1234 []}
4695	{4695 -13.3224 [131, 190, 697, 942, 1730, 1922, 2423, 5189, 5428, 5429]}
4700	{4700 -17.0068 []}
4705	{4705 -12.7044 [5, 144, 148, 249, 252, 264, 266, 367, 666, 1245]}
4710	{4710 -15.0286 []}
4715	{4715 -19.4975 []}
4720	{4720 -10.5659 [131, 133, 400, 883, 4031, 4373, 4400, 4871, 4951, 5438]}
4725	{4725 -18.3571 [255, 381, 2226, 3181, 5456]}
4730	{4730 -13.7926 [2519, 2776, 2844, 4273, 4438, 4441, 4664, 4944, 5231, 5453]}
4735	{4735 -14.4960 [606, 2249, 3993, 5473, 5474, 5475]}
4740	{4740 -14.5737 [908, 942, 991, 1412, 2162, 2708, 3767, 4113, 5457, 5458]}
4745	{4745 -Infinity [56, 738, 823, 898, 1568, 2024, 3681, 4337, 4769, 5461]}
4750	{4750 -18.3118 []}
4755	{4755 -16.9594 [5, 7, 121, 125, 127, 148, 174, 177, 251, 427]}
4760	{4760 -20.7909 []}
4765	{4765 -12.9022 []}
4770	{4770 -14.2605 []}
4775	{4775 -15.2170 []}
4780	{4780 -17.6387 []}
4785	{4785 -22.3777 []}
4790	{4790 -18.7031 [547, 909, 1007, 1812, 2928, 3033, 4558, 5050, 5495, 5496]}
4795	{4795 -29.0922 []}
4800	{4800 -23.2720 [1240, 1559, 1766, 3205, 3672, 3678, 4942, 5503, 5504, 5505]}
4805	{4805 -16.9888 [55, 325, 490, 963, 1287, 1370, 1423, 3577, 5506]}
4810	{4810 -17.0904 [5, 143, 145, 368, 667, 740, 1548, 2718, 3002, 3048]}
4815	{4815 -13.0016 [463, 1676, 2274, 2860, 2900, 3149, 3295, 4352, 5509]}
4820	{4820 -18.0691 []}
4825	{4825 -16.8146 [838, 839, 1716, 2211, 2226, 4388, 4915, 5513, 5514, 5515]}
4830	{4830 -17.4580 []}
4835	{4835 -24.3135 []}
4840	{4840 -11.8803 []}
4845	{4845 -12.2334 []}
4850	{4850 -18.4300 []}
4855	{4855 -13.0381 []}
4860	{4860 -13.4358 []}
4865	{4865 -13.2387 []}
4870	{4870 -17.0725 []}
4875	{4875 -15.1021 [107, 1229, 2093, 2350, 2408, 2890, 3395, 3542, 4158, 5333]}
4880	{4880 -12.4945 [1598, 4333, 4395, 5295, 5545, 5546, 5547, 5548, 5549]}
4885	{4885 -14.3953 []}
4890	{4890 -13.9800 [223, 1029, 1524, 1695, 1956, 2911, 3489, 3590, 3695, 5553]}
4895	{4895 -11.3297 []}
4900	{4900 -17.5608 [5, 8, 121, 129, 149, 174, 179, 249, 251, 352]}
4905	{4905 -17.5163 []}
4910	{4910 -15.7880 []}
4915	{4915 -15.8844 []}
4920	{4920 -16.9823 []}
4925	{4925 -12.5326 []}
4930	{4930 -14.7184 []}
4935	{4935 -12.7480 [1136, 2151, 2785, 3849, 3856, 4103, 5388, 5448, 5585, 5586]}
4940	{4940 -16.2172 [988, 1273, 1480, 2148, 2201, 2787, 3169, 3636, 5579, 5580]}
4945	{4945 -15.0224 []}
4950	{4950 -10.5395 []}
4955	{4955 -14.1368 []}
4960	{4960 -15.7707 []}
4965	{4965 -12.9289 []}
4970	{4970 -12.8287 []}
4975	{4975 -15.9218 []}
4980	{4980 -15.1371 []}
4985	{4985 -17.7962 []}
4990	{4990 -16.1321 []}
4995	{4995 -20.9387 [800, 1590, 1600, 1872, 2860, 2930, 3674, 5291, 5590]}
5000	{5000 -16.5247 []}
5005	{5005 -17.3981 []}
5010	{5010 -17.8138 []}
5015	{5015 -15.7670 []}
5020	{5020 -14.5636 []}
5025	{5025 -17.6917 []}
5030	{5030 -15.3002 [281, 1168, 1447, 1451, 1590, 2353, 2885, 3069, 4687, 4877]}
5035	{5035 -15.3002 [2857, 3681, 3727, 3772, 4663, 5606, 5607, 5608, 5609, 5610]}
5040	{5040 -13.6756 [1010, 2304, 2392, 2443, 2853, 3081, 4507, 5437, 5612, 5613]}
5045	{5045 -15.2530 [1015, 2869, 3084, 5056, 5080, 5096, 5425, 5614, 5615, 5616]}
5050	{5050 -16.6782 []}
5055	{5055 -18.4710 []}
5060	{5060 -16.2021 [363]}
5065	{5065 -14.9824 [21, 503, 997, 3296, 3931, 4324, 4801, 4826, 5621, 5622]}
5070	{5070 -18.9311 []}
5075	{5075 -14.7645 [462, 1454, 1587, 1846, 1903, 2511, 3570, 3586, 5626, 5627]}
5080	{5080 -13.9887 []}
5085	{5085 -11.4993 []}
5090	{5090 -33.9540 [122, 123, 129, 143, 147, 177, 367, 368, 390, 1245]}
5095	{5095 -14.8590 []}
5100	{5100 -14.7740 []}
5105	{5105 -14.1350 []}
5110	{5110 -16.5456 [38, 2018, 2148, 2666, 3895, 3935, 4838, 4855, 5642, 5643]}
5115	{5115 -15.2688 []}
5120	{5120 -16.0952 [626]}
5125	{5125 -15.3403 []}
5130	{5130 -14.0663 []}
5135	{5135 -18.4855 [184, 613, 2973, 4111, 5647, 5648, 5649, 5650, 5651, 5652]}
5140	{5140 -13.0850 []}
5145	{5145 -15.7205 []}
5150	{5150 -12.9965 []}
5155	{5155 -14.2028 []}
5160	{5160 -22.9754 [201, 400, 459, 1484, 2023, 2492, 3594, 3715, 3849, 4487]}
5165	{5165 -14.3326 [5407]}
5170	{5170 -13.8150 []}
5175	{5175 -13.5813 [804, 1770, 2004, 2214, 3109, 3596, 3846, 4912, 5633, 5638]}
5180	{5180 -16.4170 []}
5185	{5185 -15.9306 []}
5190	{5190 -17.3705 [1056]}
5195	{5195 -15.8729 [521, 1070, 3782, 3962, 3977, 4031, 5434, 5604, 5700, 5701]}
5200	{5200 -14.6479 [605, 1714, 2017, 3142, 3402, 4176, 5710, 5711, 5712, 5713]}
5205	{5205 -17.0299 []}
5210	{5210 -15.1672 []}
5215	{5215 -17.8841 []}
5220	{5220 -13.8789 [1168, 1480, 2823, 4137, 4740, 4929, 5715, 5716, 5717, 5718]}
5225	{5225 -18.8229 []}
5230	{5230 -15.1474 []}
5235	{5235 -12.8761 []}
5240	{5240 -16.2010 []}
5245	{5245 -18.6005 [123, 127, 146, 147, 175, 247, 250, 369, 423]}
5250	{5250 -18.8259 [5733]}
5255	{5255 -18.3145 [147, 248, 422, 427, 2001, 2018, 2968, 3804, 5636, 5730]}
5260	{5260 -15.4265 []}
5265	{5265 -19.6386 []}
5270	{5270 -19.8024 [2398, 3350, 3385, 4375, 5482]}
5275	{5275 -15.9161 []}
5280	{5280 -15.2364 []}
5285	{5285 -17.5438 [3440, 5296, 5748, 5750, 5751, 5752, 5753, 5754, 5755, 5756]}
5290	{5290 -19.8891 [3476]}
5295	{5295 -14.8383 []}
5300	{5300 -15.1900 []}
5305	{5305 -15.8589 []}
5310	{5310 -16.3116 []}
5315	{5315 -14.0746 [63, 2927, 3346, 4771, 5161, 5578, 5769, 5770, 5771, 5772]}
5320	{5320 -17.9888 []}
5325	{5325 -9.0587 []}
5330	{5330 -20.3117 []}
5335	{5335 -14.4143 []}
5340	{5340 -18.5467 []}
5345	{5345 -13.9864 []}
5350	{5350 -10.5371 []}
5355	{5355 -10.3139 []}
5360	{5360 -15.4651 []}
5365	{5365 -13.6511 []}
5370	{5370 -23.0907 []}
5375	{5375 -23.0907 []}
5380	{5380 -17.0974 [1001]}
5385	{5385 -17.0760 [309, 1120, 1511, 2007, 2090, 5074, 5636, 5729, 5801, 5802]}
5390	{5390 -15.2214 []}
5395	{5395 -17.4717 []}
5400	{5400 -16.9229 []}
5405	{5405 -11.4192 []}
5410	{5410 -17.4314 [275, 605, 1123, 1430, 1818, 2721, 3919, 5809, 5810, 5811]}
5415	{5415 -16.2079 []}
5420	{5420 -17.3252 []}
5425	{5425 -17.1050 [415, 1158, 1383, 2059, 2677, 2869, 3213, 3516, 4377, 5616]}
5430	{5430 -18.6232 []}
5435	{5435 -12.6852 []}
5440	{5440 -18.5045 [196, 558, 1021, 1088, 1447, 3374, 4885, 5245, 5818, 5819]}
5445	{5445 -18.5713 []}
5450	{5450 -14.6540 []}
5455	{5455 -17.6698 []}
5460	{5460 -16.7304 []}
5465	{5465 -20.0144 []}
5470	{5470 -15.2749 []}
5475	{5475 -15.3801 []}
5480	{5480 -17.1330 []}
5485	{5485 -17.4476 []}
5490	{5490 -13.9410 []}
5495	{5495 -21.1682 [183, 610, 1848, 2044, 3471, 3516, 4940, 5118, 5211, 5847]}
5500	{5500 -23.4312 [2059]}
5505	{5505 -25.7373 [295]}
5510	{5510 -15.2488 [122, 175, 247, 249, 250, 251, 367, 390, 422, 667]}
5515	{5515 -19.2797 [8, 123, 124, 127, 179, 247, 367, 390, 423, 1246]}
5520	{5520 -14.5323 []}
5525	{5525 -15.5160 []}
5530	{5530 -19.0309 []}
5535	{5535 -15.7038 [2499, 2670, 2958, 3067, 3629, 3674, 4276, 4840, 5811, 5835]}
5540	{5540 -Infinity []}
5545	{5545 -14.8543 [63, 629, 1034, 1384, 2078, 2249, 2386, 2698, 2780, 3110 ... (7 more) ]}
5550	{5550 -11.2910 []}
5555	{5555 -19.5932 []}
5560	{5560 -19.8389 []}
5565	{5565 -16.2193 [705, 1029, 1084, 3765, 3818, 5874, 5875, 5876, 5877, 5878]}
5570	{5570 -12.4243 []}
5575	{5575 -20.8576 []}
5580	{5580 -17.7359 [2881]}
5585	{5585 -15.2131 [106, 1949, 2593, 2594, 2595, 2892, 3343, 4613, 5887, 5888]}
5590	{5590 -23.2986 [706, 800, 1600, 1766, 5885]}
5595	{5595 -19.8633 []}
5600	{5600 -16.9969 [4943]}
5605	{5605 -19.4898 []}
5610	{5610 -17.7653 []}
5615	{5615 -17.6985 [1082, 1923, 2005, 2207, 2726, 3125, 3376, 4854, 5900, 5901]}
5620	{5620 -18.8948 []}
5625	{5625 -22.7535 [686, 1863, 1940, 2794, 3193, 3205, 4891, 5912, 5913]}
5630	{5630 -19.1548 [290, 380, 3299, 5914, 5915]}
5635	{5635 -17.8542 []}
5640	{5640 -13.7467 []}
5645	{5645 -13.2281 [57, 271, 2249, 3675, 4077, 5923, 5924, 5925, 5926]}
5650	{5650 -20.9505 [5921]}
5655	{5655 -16.9660 [1608]}
5660	{5660 -17.5959 []}
5665	{5665 -17.5959 []}
5670	{5670 -13.0224 [268, 522, 2538, 2735, 4969, 5149, 5887, 5930, 5931, 5932]}
5675	{5675 -12.0159 [2302, 5474, 5729, 5933, 5934]}
5680	{5680 -21.7753 [531, 678, 3124, 3232, 3571, 4006, 4193, 4307, 5589, 5936]}
5685	{5685 -14.4435 []}
5690	{5690 -19.8356 []}
5695	{5695 -18.2825 [1384, 2219, 5254, 5975]}
5700	{5700 -18.3380 []}
5705	{5705 -17.4092 []}
5710	{5710 -17.1126 []}
5715	{5715 -16.3427 []}
5720	{5720 -15.6809 [5890]}
5725	{5725 -18.4101 []}
5730	{5730 -20.7795 []}
5735	{5735 -18.1304 [1120, 1375, 2027, 3109, 3335, 3930, 4986, 5956, 5957]}
5740	{5740 -22.5957 [2018]}
5745	{5745 -22.5957 []}
5750	{5750 -20.0089 [487, 491, 811, 862, 1509, 1757, 2127, 4287, 5962, 5963]}
5755	{5755 -20.0089 [3509]}
5760	{5760 -21.4471 []}
5765	{5765 -21.0918 []}
5770	{5770 -16.5398 []}
5775	{5775 -15.2101 [376, 710, 779, 1122, 1272, 1375, 2015, 2422, 2634, 3335 ... (7 more) ]}
5780	{5780 -17.7940 []}
5785	{5785 -17.8154 [121, 123, 144, 149, 176, 180, 352, 754, 1317]}
5790	{5790 -17.1529 []}
5795	{5795 -17.2524 []}
5800	{5800 -20.5019 []}
5805	{5805 -13.8807 []}
5810	{5810 -19.8965 []}
5815	{5815 -16.7254 []}
5820	{5820 -19.7716 [1831, 2472, 2627, 4060, 5501, 5657, 6002, 6003, 6004, 6005]}
5825	{5825 -20.9310 []}
5830	{5830 -19.3986 [529, 942, 2622, 2797, 2798, 4469, 5593, 6023, 6024, 6025]}
5835	{5835 -18.1556 []}
5840	{5840 -12.6882 []}
5845	{5845 -13.6325 []}
5850	{5850 -18.1513 []}
5855	{5855 -23.4466 [171, 788, 3378, 3385, 5523, 5735, 5850, 6033, 6034, 6035]}
5860	{5860 -17.7211 []}
5865	{5865 -19.6321 []}
5870	{5870 -Infinity []}
5875	{5875 -18.6843 []}
5880	{5880 -13.9663 []}
5885	{5885 -25.0703 []}
5890	{5890 -10.5525 [285]}
5895	{5895 -8.8263 [122, 123, 128, 129, 249, 251, 266, 368, 427, 718]}
5900	{5900 -20.1637 []}
5905	{5905 -21.0705 [130, 570, 1261, 1511, 1921, 3722, 4485, 4875, 4979, 5723]}
5910	{5910 -19.6907 []}
5915	{5915 -20.9267 [1255, 1677, 2161, 2612, 2622, 3194, 3954, 4754, 6066, 6067]}
5920	{5920 -20.2637 []}
5925	{5925 -15.5879 [125, 229, 3257, 3852, 4882, 4894, 5086, 5128, 5229, 6070]}
5930	{5930 -15.4875 []}
5935	{5935 -14.3756 []}
5940	{5940 -9.5649 [376]}
5945	{5945 -18.8092 []}
5950	{5950 -17.8069 [9, 147, 149, 238, 252, 266, 426, 666, 717, 2018]}
5955	{5955 -20.3955 []}
5960	{5960 -22.5107 [3304]}
5965	{5965 -20.3124 [179, 1335, 2361, 2487, 3388, 5514, 5626, 5989, 6088, 6089]}
5970	{5970 -22.0367 [86, 477, 586, 1240, 1770, 4756, 4844, 5627, 6090]}
5975	{5975 -19.8311 []}
5980	{5980 -16.3957 [563, 762, 789, 835, 977, 1122, 1903, 1913, 3956, 6096]}
5985	{5985 -19.6221 []}
5990	{5990 -19.6221 [547, 996, 1451, 1888, 3039, 5628, 5913, 6109, 6110, 6111]}
5995	{5995 -17.9629 [122]}
6000	{6000 -16.9736 []}
6005	{6005 -20.9506 []}
6010	{6010 -18.2059 []}
6015	{6015 -23.1237 [235, 1402, 1846, 1860, 2086, 2325, 3486, 3820, 4754, 6127]}
6020	{6020 -23.1237 []}
6025	{6025 -21.8635 []}
6030	{6030 -25.9931 []}
6035	{6035 -25.9114 []}
6040	{6040 -11.6658 []}
6045	{6045 -17.8072 [5338]}
6050	{6050 -22.6957 [307, 1173, 2220, 6143, 6144, 6145, 6146, 6147, 6148, 6149]}
6055	{6055 -22.4410 []}
6060	{6060 -20.1847 [174, 179, 251, 351, 983]}
6065	{6065 -21.3948 []}
6070	{6070 -18.0530 [1087, 1512, 2857, 3593, 3841, 3948, 4159, 4844, 5373, 5436]}
6075	{6075 -12.0300 []}
6080	{6080 -18.3030 []}
6085	{6085 -22.9552 []}
6090	{6090 -24.3961 []}
6095	{6095 -20.0808 [380, 2295, 3021, 3675, 3804, 4363, 5449, 5603, 6177, 6178]}
6100	{6100 -22.0871 []}
6105	{6105 -20.4280 [6179]}
6110	{6110 -22.0871 [1084, 2117, 2276, 3252, 3257, 3531, 5557, 5600, 6195, 6196]}
6115	{6115 -24.5966 []}
6120	{6120 -15.2818 []}
6125	{6125 -25.5892 [1377, 3125, 3264, 3981, 5535, 6184, 6185, 6186, 6187, 6188]}
6130	{6130 -25.5892 []}
6135	{6135 -23.8941 []}
6140	{6140 -19.3355 []}
6145	{6145 -25.1604 []}
6150	{6150 -8.9888 []}
6155	{6155 -25.8567 [2394, 2487, 3768, 4080, 4503, 4883, 5086, 6230, 6231]}
6160	{6160 -17.4717 []}
6165	{6165 -17.4717 [255, 376, 777, 1229, 3190, 3683, 4757, 4885, 5593, 5801]}
6170	{6170 -22.6316 [717, 803, 1401, 2621, 3076, 3477, 3485, 6238, 6239, 6240]}
6175	{6175 -22.6275 [4, 125, 148, 559, 697, 754, 856, 1317, 5710]}
6180	{6180 -22.6206 [129, 1351, 2068, 2360, 3886, 4009, 5729, 6243, 6244, 6245]}
6185	{6185 -28.0542 []}
6190	{6190 -27.0614 []}
6195	{6195 -24.5526 []}
6200	{6200 -24.1477 []}
6205	{6205 -24.1477 []}
6210	{6210 -24.1477 []}
6215	{6215 -24.1477 []}
6220	{6220 -24.1477 []}
6225	{6225 -24.1477 []}
6230	{6230 -28.2162 []}
6235	{6235 -25.2025 []}
6240	{6240 -25.0972 []}
6245	{6245 -25.0858 [187, 367, 469, 474, 3227, 4196, 4503, 4985, 5788, 5988]}
6250	{6250 -16.7132 []}
6255	{6255 -15.2818 [757]}
6260	{6260 -27.5620 []}
6265	{6265 -19.1783 []}
6270	{6270 -19.1783 []}
6275	{6275 -21.6434 []}
6280	{6280 -21.4849 []}
6285	{6285 -22.2030 []}
6290	{6290 -34.1537 []}
6295	{6295 -17.8501 []}
6300	{6300 -20.3149 []}
