2	{2 -12.3251 []}
7	{7 -3.2658 [145, 176, 177, 353, 753, 754, 762, 2064, 3002]}
12	{12 -17.5078 []}
17	{17 -7.8441 [1050, 2254, 2761, 3147, 3169, 3619, 3893, 4408, 4953]}
22	{22 -Infinity [23, 24, 25, 26, 27, 28, 29, 30, 31, 32]}
27	{27 -17.4986 [901, 960, 1511, 1624, 1836, 1911, 1912, 1913, 1914, 1915]}
32	{32 -8.1526 [957, 1028, 1199, 1459, 1699, 1700, 1701, 1702, 1703]}
37	{37 -21.2597 []}
42	{42 -18.5868 []}
47	{47 -16.9762 []}
52	{52 -Infinity []}
57	{57 -11.3090 []}
62	{62 -10.1082 [1064, 1194, 1196, 1198, 1959, 1960, 1961, 1962, 1963]}
67	{67 -16.2037 [472, 534, 762, 1123, 2222, 2789, 3052, 3332, 3769, 3956]}
72	{72 -Infinity []}
77	{77 -8.0943 []}
82	{82 -14.2139 []}
87	{87 -16.5794 [88, 89, 90, 91, 92, 93, 94, 95, 96, 97]}
92	{92 -9.7723 [2015, 2016]}
97	{97 -12.9992 []}
102	{102 -10.8299 [1928, 1968, 2026, 2027, 2028]}
107	{107 -14.6109 []}
112	{112 -13.7180 [1064, 1160, 2044, 2045, 2046, 2047, 2048, 2049, 2050]}
117	{117 -11.7985 []}
122	{122 -6.1944 [578, 658, 1428, 1451, 2057, 2058, 2059, 2060, 2061, 2062]}
127	{127 -5.2770 [9, 144, 175, 177, 247, 427, 698, 762, 1246, 2076]}
132	{132 -9.2787 [5, 9, 147, 250, 353, 629, 753, 856, 1317, 2077]}
137	{137 -10.5324 [1728]}
142	{142 -10.3731 []}
147	{147 -7.2114 [8, 128, 176, 177, 264, 367, 424, 427, 1246]}
152	{152 -9.3212 []}
157	{157 -15.0479 []}
162	{162 -14.4904 [163, 164, 165, 166, 167, 168, 169, 170, 171, 172]}
167	{167 -12.4567 [8, 17, 121, 129, 175, 238, 266, 353, 424, 2018]}
172	{172 -10.5526 [127, 128, 129, 145, 174, 177, 247, 353, 1246, 1317]}
177	{177 -5.3548 [143, 145, 149, 266, 367, 368, 559, 856, 1245]}
182	{182 -13.1080 []}
187	{187 -12.5241 []}
192	{192 -Infinity [38, 193, 194, 195, 196]}
197	{197 -15.8920 [198, 199, 200, 201, 202, 203, 204, 205, 206, 207]}
202	{202 -10.2758 []}
207	{207 -18.3571 []}
212	{212 -15.3099 []}
217	{217 -15.3480 []}
222	{222 -7.8228 []}
227	{227 -12.0600 []}
232	{232 -13.4031 [2223]}
237	{237 -Infinity []}
242	{242 -Infinity []}
247	{247 -5.5506 [776, 900, 1067, 1068, 1069, 1070, 1071, 1072, 1073, 1074]}
252	{252 -7.7537 [62, 808, 1475, 2211, 2212, 2213, 2214, 2215, 2216]}
257	{257 -11.6142 [69, 1137, 1233, 1300, 1301, 1302, 1303, 1304, 1305, 1306]}
262	{262 -8.1328 []}
267	{267 -14.3506 [414, 813, 1050, 1749, 2229, 2230, 2231, 2232, 2233, 2234]}
272	{272 -16.2545 []}
277	{277 -19.2552 []}
282	{282 -8.0894 []}
287	{287 -15.8683 []}
292	{292 -14.9564 []}
297	{297 -14.6314 []}
302	{302 -19.6626 [1233, 2519]}
307	{307 -12.5437 [711, 883, 1018, 2260, 2261, 2262, 2263, 2264, 2265, 2266]}
312	{312 -15.0540 []}
317	{317 -Infinity []}
322	{322 -11.0981 []}
327	{327 -8.1684 [8, 96, 627, 681, 822, 2179, 2273, 2274, 2275, 2276]}
332	{332 -14.1561 []}
337	{337 -14.0632 []}
342	{342 -13.1072 []}
347	{347 -13.3890 []}
352	{352 -8.8876 [4, 146, 176, 249, 266, 367, 368, 422, 2001]}
357	{357 -9.4383 []}
362	{362 -17.3970 []}
367	{367 -1.0425 [4, 5, 7, 264, 266, 559, 666, 1317]}
372	{372 -15.9200 [231, 295, 1928, 2177, 2315, 2316, 2317, 2318, 2319, 2320]}
377	{377 -12.2608 [127, 129, 176, 369, 423, 718, 856, 2018, 2338]}
382	{382 -13.3655 [996, 1969, 2345, 2346, 2347, 2348, 2349, 2350, 2351, 2352]}
387	{387 -13.5582 [825, 1733, 1961, 2001, 2353, 2354, 2355, 2356]}
392	{392 -9.1713 [814, 944, 1846, 2381, 2382, 2383, 2384, 2385, 2386, 2387]}
397	{397 -9.1712 []}
402	{402 -15.9053 []}
407	{407 -15.6149 [412, 1217, 1749, 2392]}
412	{412 -10.3813 [769, 2253, 2532, 3029, 3215, 3485, 4254, 5484, 5501, 5502]}
417	{417 -Infinity []}
422	{422 -8.4901 [1911, 2394, 2395, 2396, 2397, 2398, 2399, 2400, 2401, 2402]}
427	{427 -6.8326 [4, 124, 251, 265, 353, 369, 695, 700, 946, 947]}
432	{432 -11.5556 []}
437	{437 -12.6040 [1090, 1486, 2500]}
442	{442 -11.1384 []}
447	{447 -Infinity []}
452	{452 -13.4256 []}
457	{457 -16.0903 []}
462	{462 -12.1317 []}
467	{467 -17.2042 []}
472	{472 -12.9515 [347, 1267, 1485, 1486, 1487, 1488, 1489, 1490, 1491, 1492]}
477	{477 -12.6469 []}
482	{482 -15.8805 []}
487	{487 -10.6362 []}
492	{492 -16.9173 []}
497	{497 -18.8815 []}
502	{502 -24.5567 []}
507	{507 -11.2597 [3, 127, 143, 249, 251, 252, 427, 2491, 2492]}
512	{512 -19.3086 []}
517	{517 -Infinity []}
522	{522 -13.1963 []}
527	{527 -13.3590 [1020, 1171, 1342, 2671, 2837, 2935, 3786, 3840, 4248, 4455 ... (3 more) ]}
532	{532 -12.2662 [1329, 1330]}
537	{537 -Infinity [538, 539, 540, 541, 542, 543, 544, 545, 546, 547]}
542	{542 -10.5623 []}
547	{547 -14.6245 [117, 335, 824, 1790, 2078, 2151, 2240, 2418, 2514, 2515]}
552	{552 -13.4961 []}
557	{557 -10.5226 [124, 127, 147, 248, 251, 252, 390, 423, 558, 559]}
562	{562 -14.7856 []}
567	{567 -10.1797 []}
572	{572 -10.2390 [584, 818, 979, 1353, 2119, 2306, 2337, 2892, 4318, 4319]}
577	{577 -17.4986 [164, 584, 642, 977, 1610, 2506, 2525, 2526, 2527, 2528]}
582	{582 -12.9541 [412, 715, 1068, 1541, 1854, 2354, 2414, 2535, 2536, 2537]}
587	{587 -10.9851 []}
592	{592 -21.4961 []}
597	{597 -21.4961 []}
602	{602 -18.4654 []}
607	{607 -12.7710 [608, 609, 610, 611, 612, 613, 614, 615, 616]}
612	{612 -12.4498 []}
617	{617 -18.8431 [618, 619, 620, 621, 622, 623, 624, 625, 626, 627]}
622	{622 -21.3082 []}
627	{627 -10.6335 []}
632	{632 -16.2899 []}
637	{637 -10.2712 [796, 869, 870, 871, 872, 873, 874, 875, 876, 877]}
642	{642 -15.4374 []}
647	{647 -Infinity [216, 585, 648, 649, 650, 651, 652, 653, 654, 655]}
652	{652 -14.1688 [175, 389, 424, 732, 1326, 2199, 2572, 2573, 2574, 2575]}
657	{657 -16.9226 []}
662	{662 -17.2297 []}
667	{667 -7.4023 [152, 459, 468, 1350, 1956, 2578, 2579, 2580, 2581]}
672	{672 -14.1543 []}
677	{677 -13.2374 []}
682	{682 -15.1953 [309, 690, 712, 851, 1337, 1347, 2411, 2585, 2586]}
687	{687 -17.5024 []}
692	{692 -14.7377 []}
697	{697 -5.4344 [870, 1441, 1589, 2034, 2214, 2597, 2598, 2599, 2600, 2601]}
702	{702 -21.9742 []}
707	{707 -14.2250 [115, 1047, 1107, 1503, 1656, 1803, 2641, 2642, 2643, 2644]}
712	{712 -11.4594 []}
717	{717 -7.4223 [124, 175, 265, 369, 390, 426, 427, 554, 695, 754]}
722	{722 -17.8244 [2713]}
727	{727 -15.5723 [152]}
732	{732 -11.1015 [309, 928, 1071, 1233, 1246, 1435, 2228, 2650, 2651, 2652]}
737	{737 -16.0265 [898, 1539, 2516, 2659, 2660, 2661, 2662, 2663]}
742	{742 -16.0265 [1476, 1975, 2412, 2453, 2678, 2679, 2680, 2681, 2682, 2683]}
747	{747 -15.3106 [2051, 2427, 2648, 2667, 2668, 2669, 2670, 2671, 2672, 2673]}
752	{752 -Infinity [5, 180, 247, 250, 351, 426, 554, 753, 754, 755]}
757	{757 -8.1766 []}
762	{762 -5.2425 [3, 175, 176, 251, 264, 266, 559, 754, 2001, 2018]}
767	{767 -13.4405 [1618, 1863, 2550, 2690, 2691, 2692, 2693, 2694, 2695, 2696]}
772	{772 -13.7554 []}
777	{777 -12.6009 [352, 778, 779, 780, 781, 782, 783, 784, 785, 786]}
782	{782 -14.1307 []}
787	{787 -13.6099 [276, 788, 789, 790, 791, 792, 793, 794, 795, 796]}
792	{792 -12.5341 []}
797	{797 -Infinity [289, 420, 460, 463, 798, 799, 800, 801, 802, 803]}
802	{802 -7.9947 []}
807	{807 -11.5930 []}
812	{812 -11.5798 []}
817	{817 -11.5862 []}
822	{822 -5.6176 []}
827	{827 -17.0045 []}
832	{832 -14.9382 []}
837	{837 -11.5329 []}
842	{842 -15.6530 []}
847	{847 -15.4968 []}
852	{852 -9.7100 [250, 938, 1097, 1556, 1990, 2748, 2749, 2750, 2751, 2752]}
857	{857 -11.1212 []}
862	{862 -13.4292 []}
867	{867 -13.8711 [53, 470, 1734, 1738, 2527, 2766, 2767, 2768, 2769, 2770]}
872	{872 -12.7155 []}
877	{877 -12.7341 []}
882	{882 -14.8755 [2774]}
887	{887 -15.8539 [1671, 1688, 1786, 1805, 2361, 2662, 2775, 2776, 2777, 2778]}
892	{892 -10.3755 [2200, 2959, 2960, 2961]}
897	{897 -15.0880 []}
902	{902 -15.1328 [1272, 2409, 2626, 2663, 2779, 2780, 2781, 2782, 2783, 2784]}
907	{907 -16.7039 [64, 1292, 1397, 2099, 2778, 2804, 2805, 2806, 2807, 2808]}
912	{912 -16.9354 []}
917	{917 -9.3410 []}
922	{922 -9.2558 [2809, 2810, 2811, 2812, 2813, 2814, 2815, 2816, 2817]}
927	{927 -21.0841 []}
932	{932 -12.3425 []}
937	{937 -10.5094 [5, 7, 143, 145, 146, 249, 251, 367, 666, 1317]}
942	{942 -11.9130 []}
947	{947 -7.4769 []}
952	{952 -16.6009 [749, 796, 953, 954, 955, 956, 957, 958, 959, 960]}
957	{957 -10.5122 []}
962	{962 -12.0645 [867, 1228, 1777, 1778, 1779, 1780, 1781, 1782, 1783, 1784]}
967	{967 -18.0344 [15, 440, 669, 2855, 2856, 2857, 2858, 2859, 2860, 2861]}
972	{972 -13.5855 [469, 2229, 2862, 2863, 2864]}
977	{977 -11.6312 [295, 2093, 2517, 2840, 2865, 2866, 2867, 2868, 2869, 2870]}
982	{982 -10.5772 [3028, 3029, 3030, 3031]}
987	{987 -16.1137 []}
992	{992 -Infinity [3, 174, 251, 265, 351, 369, 390, 697, 947, 993]}
997	{997 -12.8299 [522, 1332, 1829, 2061, 2383, 2507, 2902]}
1002	{1002 -16.1386 [20, 95, 341, 478, 798, 892, 1408, 1439, 1440, 1441]}
1007	{1007 -12.8152 []}
1012	{1012 -19.4962 []}
1017	{1017 -14.1859 []}
1022	{1022 -11.5497 [1023, 1024, 1025, 1026, 1027, 1028, 1029, 1030, 1031, 1032]}
1027	{1027 -12.0182 [1221, 1316, 1750, 2471, 2612, 2849, 2859, 2952, 2953, 2954]}
1032	{1032 -14.0133 []}
1037	{1037 -15.7075 []}
1042	{1042 -10.4438 []}
1047	{1047 -11.2412 []}
1052	{1052 -12.2066 []}
1057	{1057 -19.2786 [164, 1058, 1059, 1060, 1061, 1062, 1063, 1064, 1065, 1066]}
1062	{1062 -10.5504 []}
1067	{1067 -7.9243 [969, 1570, 2976, 2977]}
1072	{1072 -8.0157 []}
1077	{1077 -12.2188 [1022]}
1082	{1082 -20.1637 [3, 7, 8, 124, 126, 144, 238, 248, 352, 427]}
1087	{1087 -12.0183 []}
1092	{1092 -15.9643 []}
1097	{1097 -9.2919 []}
1102	{1102 -19.0417 []}
1107	{1107 -16.2209 [998]}
1112	{1112 -Infinity []}
1117	{1117 -Infinity [29, 124, 126, 496, 1118, 1119, 1120, 1121, 1122, 1123]}
1122	{1122 -13.8316 []}
1127	{1127 -17.4047 []}
1132	{1132 -10.7195 []}
1137	{1137 -13.2587 [83, 2086, 2657, 2966, 3003, 3004, 3005, 3006, 3007, 3008]}
1142	{1142 -15.9802 []}
1147	{1147 -17.2404 []}
1152	{1152 -16.8389 []}
1157	{1157 -12.9301 []}
1162	{1162 -13.0796 [452, 453, 460, 563, 803, 847, 1163, 1164, 1165, 1166]}
1167	{1167 -13.2518 [274, 1168, 1169, 1170, 1171]}
1172	{1172 -17.5444 [296, 1173, 1174, 1175, 1176, 1177, 1178, 1179, 1180]}
1177	{1177 -15.0121 []}
1182	{1182 -Infinity []}
1187	{1187 -Infinity []}
1192	{1192 -18.0225 [338, 834, 900, 1193, 1194, 1195, 1196, 1197, 1198]}
1197	{1197 -11.7494 []}
1202	{1202 -18.0914 [3105]}
1207	{1207 -Infinity [1749, 2739, 3071, 3072, 3073, 3074, 3075, 3076, 3077, 3078]}
1212	{1212 -10.2864 [665, 777, 840, 1385, 1402, 1724, 2790, 3079, 3080]}
1217	{1217 -13.0638 [554, 1424, 1670, 1749, 2341, 2672, 2839, 3081, 3082, 3083]}
1222	{1222 -Infinity [49, 78, 468, 1223, 1224, 1225, 1226, 1227, 1228, 1229]}
1227	{1227 -10.1189 []}
1232	{1232 -15.3483 [263, 1854, 1881, 2493, 3089, 3090, 3091, 3092, 3093, 3094]}
1237	{1237 -Infinity [842, 852, 1238, 1239, 1240, 1241, 1242, 1243, 1244]}
1242	{1242 -Infinity []}
1247	{1247 -Infinity [158, 582, 583, 955, 1032, 1068, 1070, 1248, 1249, 1250]}
1252	{1252 -12.6410 []}
1257	{1257 -14.4291 []}
1262	{1262 -12.3221 []}
1267	{1267 -14.3217 [251, 459, 1268, 1269, 1270, 1271, 1272, 1273, 1274]}
1272	{1272 -11.4153 []}
1277	{1277 -15.4027 []}
1282	{1282 -15.4027 []}
1287	{1287 -9.3419 [38, 331, 626, 1945, 2690, 3137, 3138, 3139, 3140, 3141]}
1292	{1292 -19.1690 [3149]}
1297	{1297 -13.8753 [289, 435, 753, 901, 1199, 1504, 1763, 1764, 1765, 1766]}
1302	{1302 -14.0793 []}
1307	{1307 -Infinity [240, 1308, 1309, 1310, 1311, 1312, 1313, 1314, 1315, 1316]}
1312	{1312 -Infinity []}
1317	{1317 -3.2544 [1036, 1534, 2362, 3109, 3163, 3164, 3165, 3166, 3167, 3168]}
1322	{1322 -8.1698 []}
1327	{1327 -8.0348 []}
1332	{1332 -12.9394 []}
1337	{1337 -13.5426 [38, 143, 266, 693, 911, 1221, 1724, 1725, 1726, 1727]}
1342	{1342 -11.9201 []}
1347	{1347 -10.0777 []}
1352	{1352 -17.1681 [124, 126, 145, 174, 179, 423, 667, 1353, 1354, 1355]}
1357	{1357 -17.7145 []}
1362	{1362 -14.7453 [1026, 1061, 1348, 1363, 1364, 1365, 1366, 1367, 1368, 1369]}
1367	{1367 -14.0639 [3218]}
1372	{1372 -14.7615 []}
1377	{1377 -12.3311 [247, 963, 1135, 2006, 2237, 3082, 3105, 3224, 3225, 3226]}
1382	{1382 -14.2855 [130, 208, 476, 849, 874, 1022, 1384, 1411, 1671, 1955 ... (19 more) ]}
1387	{1387 -13.7944 [860, 1454, 1457, 1509, 3220, 3221, 3280]}
1392	{1392 -11.4311 []}
1397	{1397 -11.4182 [279, 665, 822, 1143, 1890, 2160, 2384, 3194, 3288, 3289]}
1402	{1402 -10.8877 [55, 96, 1444, 2186, 2662, 3137, 3258, 3259, 3260, 3261]}
1407	{1407 -19.5156 []}
1412	{1412 -8.5530 [9, 127, 145, 149, 174, 179, 264, 422, 427, 1317]}
1417	{1417 -15.1138 [8, 121, 122, 123, 127, 147, 177, 246, 251, 353]}
1422	{1422 -15.5708 []}
1427	{1427 -10.3576 [2377]}
1432	{1432 -10.3807 []}
1437	{1437 -10.4487 []}
1442	{1442 -14.3359 [575]}
1447	{1447 -14.2840 []}
1452	{1452 -Infinity []}
1457	{1457 -8.7375 []}
1462	{1462 -Infinity [1463, 1464, 1465, 1466, 1467, 1468, 1469, 1470, 1471, 1472]}
1467	{1467 -Infinity []}
1472	{1472 -Infinity []}
1477	{1477 -16.6231 [3, 4, 17, 122, 176, 264, 422, 666, 856]}
1482	{1482 -10.5512 []}
1487	{1487 -12.7763 [3, 127, 177, 183, 247, 249, 367, 427, 718, 2338]}
1492	{1492 -12.2774 []}
1497	{1497 -Infinity [125, 828, 1498, 1499, 1500, 1501, 1502, 1503, 1504, 1505]}
1502	{1502 -Infinity []}
1507	{1507 -12.9934 []}
1512	{1512 -14.4367 []}
1517	{1517 -9.9521 []}
1522	{1522 -10.3288 [140, 609, 693, 730, 1249, 1313, 1349, 2032, 3328, 3329]}
1527	{1527 -Infinity [3, 454, 462, 691, 970, 1025, 1492, 1528, 1529, 1530]}
1532	{1532 -14.4369 []}
1537	{1537 -14.3362 [5, 9, 128, 145, 148, 176, 179, 248, 352, 424]}
1542	{1542 -13.1986 []}
1547	{1547 -11.7376 [1023, 1339, 1636, 2499, 3169, 3342, 3343, 3344, 3345, 3346]}
1552	{1552 -15.0552 []}
1557	{1557 -12.7353 [367, 562, 931, 943, 1122, 1177, 1558, 1559, 1560, 1561]}
1562	{1562 -Infinity [391, 405, 824, 1105, 1563, 1564, 1565, 1566, 1567, 1568]}
1567	{1567 -Infinity []}
1572	{1572 -15.2680 [1127, 1273, 1550, 1961, 2400, 2465, 3356, 3357, 3358, 3359]}
1577	{1577 -18.1012 [550, 1578]}
1582	{1582 -Infinity [355, 1791, 1797, 2285, 2309, 2799, 3282, 3371, 3372]}
1587	{1587 -12.3293 []}
1592	{1592 -13.7727 []}
1597	{1597 -16.9604 []}
1602	{1602 -14.1335 [121, 122, 123, 143, 246, 247, 249, 264, 352, 1245]}
1607	{1607 -11.2811 []}
1612	{1612 -20.2456 [1724, 2222, 3377, 3378]}
1617	{1617 -17.1833 []}
1622	{1622 -21.1162 []}
1627	{1627 -18.3030 [364, 442, 2278, 3384, 3385]}
1632	{1632 -16.2742 [1481]}
1637	{1637 -12.8016 [363, 779, 998, 1503, 1538, 1976, 2299, 3386, 3387, 3388]}
1642	{1642 -16.8041 []}
1647	{1647 -11.2779 [5, 147, 149, 175, 252, 667, 856, 1245, 2018]}
1652	{1652 -12.4768 []}
1657	{1657 -Infinity [89, 547, 1340, 1658, 1659, 1660, 1661, 1662, 1663, 1664]}
1662	{1662 -Infinity []}
1667	{1667 -18.4573 []}
1672	{1672 -15.8913 [1673]}
1677	{1677 -12.8086 []}
1682	{1682 -18.0120 []}
1687	{1687 -19.7488 [721, 1115, 2359, 3070, 3100, 3230, 3439, 3440, 3441, 3442]}
1692	{1692 -Infinity [191, 280, 1084, 1256, 1693, 1694, 1695, 1696, 1697, 1698]}
1697	{1697 -12.8224 []}
1702	{1702 -10.3571 []}
1707	{1707 -13.2418 [1956, 2246, 2465, 3477, 3478, 3479, 3480, 3481, 3482, 3483]}
1712	{1712 -Infinity [1713]}
1717	{1717 -11.2780 [257, 541, 852, 1441, 1702, 2356, 2553, 3484, 3485, 3486]}
1722	{1722 -Infinity [1723]}
1727	{1727 -16.0077 []}
1732	{1732 -21.3492 [9, 128, 148, 149, 175, 179, 238, 352, 353, 559]}
1737	{1737 -18.4472 [710, 740, 2246, 2758, 3093, 3236, 3243, 3528, 3529]}
1742	{1742 -Infinity [577, 813, 938, 1408, 1600, 1743, 1744, 1745, 1746, 1747]}
1747	{1747 -16.3892 []}
1752	{1752 -18.3675 [83, 690, 1022, 2198, 2311, 3272, 3516, 3517, 3518, 3519]}
1757	{1757 -17.1979 []}
1762	{1762 -13.0225 []}
1767	{1767 -15.4907 [1084, 1768, 1769, 1770, 1771, 1772, 1773, 1774, 1775, 1776]}
1772	{1772 -12.7854 [255, 815, 1168, 2265, 2552, 2736, 2756, 2943, 2993, 3530]}
1777	{1777 -14.4744 []}
1782	{1782 -14.5253 [503, 1103, 1224, 1301, 1585, 2272, 2766, 3105, 3531, 3532]}
1787	{1787 -5.6391 [549, 802, 1115, 1574, 1788, 3563, 3700, 3701, 3702]}
1792	{1792 -12.2817 [1001, 1203, 2377, 3000, 3104, 3536, 3537, 3538, 3539, 3540]}
1797	{1797 -11.6714 []}
1802	{1802 -16.5237 []}
1807	{1807 -13.4690 []}
1812	{1812 -13.0984 []}
1817	{1817 -10.4755 []}
1822	{1822 -15.2180 []}
1827	{1827 -10.4627 [434, 979, 1697, 1828, 1829, 1830, 1831, 1832, 1833]}
1832	{1832 -12.8224 [604, 1154, 1408, 1754, 1888, 1967, 1984, 1985, 3583, 3584]}
1837	{1837 -13.4148 []}
1842	{1842 -9.8066 [628, 1342, 1383, 2494, 3577, 3578, 3579, 3580, 3581, 3582]}
1847	{1847 -Infinity [141, 977, 1848, 1849, 1850, 1851, 1852, 1853, 1854, 1855]}
1852	{1852 -10.5563 []}
1857	{1857 -Infinity [757, 758, 884, 2176, 3609, 3610, 3611, 3612, 3613, 3614]}
1862	{1862 -16.1728 [748, 1377, 3799, 3800, 3801, 3802, 3803, 3804, 3805, 3806]}
1867	{1867 -8.8405 [665, 810, 1607, 1849, 2105, 2787, 3615, 3616, 3617, 3618]}
1872	{1872 -14.5746 [356, 458, 1209, 2383, 3539, 3619, 3620, 3621, 3622, 3623]}
1877	{1877 -Infinity [477, 534, 1733, 1878, 1879, 1880, 1881, 1882, 1883, 1884]}
1882	{1882 -16.6236 [486, 1531, 1862, 1930, 2337, 3624, 3625, 3626, 3627, 3628]}
1887	{1887 -12.5131 []}
1892	{1892 -13.6123 []}
1897	{1897 -9.3509 []}
1902	{1902 -5.7355 []}
1907	{1907 -9.8802 [4, 7, 129, 145, 149, 174, 266, 666]}
1912	{1912 -13.7083 []}
1917	{1917 -12.6508 [1601, 1711, 1845, 1985, 2181, 2619, 3052, 3056, 3683, 3684]}
1922	{1922 -10.5292 [873, 1359, 1526, 2941, 3612, 3688, 3689, 3690, 3691, 3692]}
1927	{1927 -16.6569 []}
1932	{1932 -17.5401 [364, 685, 921, 1313, 1829, 2644, 3018, 3713, 3714]}
1937	{1937 -16.6016 []}
1942	{1942 -13.5348 [2255, 2272, 2853, 2932, 3027, 3718, 3719, 3720, 3721]}
1947	{1947 -10.6374 [208, 1934, 2456, 3419, 3727, 3728, 3729, 3730, 3731, 3732]}
1952	{1952 -11.4256 []}
1957	{1957 -10.1793 []}
1962	{1962 -12.4679 []}
1967	{1967 -15.2061 []}
1972	{1972 -16.2967 [170, 252, 1615, 2279, 3563, 3749, 3750, 3751, 3752, 3753]}
1977	{1977 -15.5849 []}
1982	{1982 -15.4799 [2086]}
1987	{1987 -14.7872 [227, 2292, 2528, 2914, 3709, 5541, 5584, 5795, 5796, 5797]}
1992	{1992 -14.2164 [126, 128, 144, 145, 147, 424, 2018, 2614, 3466, 3764]}
1997	{1997 -10.5434 []}
2002	{2002 -11.5852 []}
2007	{2007 -12.0036 [199, 203, 527, 3581, 3680, 3785, 3786, 3787, 3788, 3789]}
2012	{2012 -20.5477 []}
2017	{2017 -13.5864 [96, 1914, 2750, 2794, 3713, 3807, 3808, 3809, 3810, 3811]}
2022	{2022 -12.7329 [2344]}
2027	{2027 -12.3643 []}
2032	{2032 -11.9361 [3, 121, 125, 179, 249, 251, 264, 423, 427, 717]}
2037	{2037 -11.6008 [148, 176, 179, 238, 265, 369, 424, 426, 1317, 2098]}
2042	{2042 -7.8598 []}
2047	{2047 -15.9751 [5, 145, 149, 175, 177, 180, 266, 353, 424, 1246]}
2052	{2052 -13.7665 [7, 143, 145, 367, 390, 558, 856, 1040, 1245]}
2057	{2057 -8.6552 []}
2062	{2062 -8.6588 []}
2067	{2067 -12.2823 []}
2072	{2072 -9.2881 []}
2077	{2077 -9.1239 []}
2082	{2082 -10.0270 []}
2087	{2087 -12.4105 [30, 364, 1034, 2681, 3350, 3376, 3847, 3848, 3849, 3850]}
2092	{2092 -15.2958 [133, 266, 666, 1531, 1866, 3124, 3855, 3856, 3857, 3858]}
2097	{2097 -14.4611 []}
2102	{2102 -14.9330 [1766, 1956, 2218, 2841, 3786, 3869, 3870, 3871, 3872, 3873]}
2107	{2107 -15.3116 []}
2112	{2112 -16.4644 [463, 803, 1492, 2091, 2111, 2115, 2287, 2818, 2941, 3868]}
2117	{2117 -17.3466 []}
2122	{2122 -7.7366 []}
2127	{2127 -15.0962 []}
2132	{2132 -10.9916 []}
2137	{2137 -Infinity []}
2142	{2142 -20.8294 []}
2147	{2147 -14.7553 []}
2152	{2152 -10.6227 []}
2157	{2157 -15.2571 []}
2162	{2162 -15.8865 []}
2167	{2167 -11.2041 []}
2172	{2172 -21.2157 [96, 604, 828, 1291, 1575, 1961, 2533, 2555, 3020, 3713]}
2177	{2177 -13.6540 []}
2182	{2182 -11.3042 []}
2187	{2187 -13.9940 []}
2192	{2192 -14.2521 []}
2197	{2197 -12.2769 []}
2202	{2202 -12.2128 []}
2207	{2207 -8.5393 []}
2212	{2212 -10.0973 []}
2217	{2217 -15.6872 [5, 9, 149, 177, 238, 247, 249, 369, 424, 1317]}
2222	{2222 -10.7803 []}
2227	{2227 -5.6330 []}
2232	{2232 -16.7960 []}
2237	{2237 -10.3253 [1402, 1454, 1458, 1728, 1866, 2658, 2719, 2789, 3220, 3357]}
2242	{2242 -18.3334 []}
2247	{2247 -17.9725 []}
2252	{2252 -17.4379 [3, 7, 8, 123, 128, 148, 176, 179, 424, 717]}
2257	{2257 -14.5973 []}
2262	{2262 -13.5784 [2354, 2385, 2687, 2881, 3951]}
2267	{2267 -23.3931 [855, 1323, 1439, 1808, 3568, 4275, 4738, 4806, 6121, 6122]}
2272	{2272 -14.7739 []}
2277	{2277 -11.7636 []}
2282	{2282 -11.7636 []}
2287	{2287 -11.5786 []}
2292	{2292 -11.4784 [298, 667, 1044, 1259, 1762, 2497, 3329, 3982, 3983, 3984]}
2297	{2297 -21.1852 []}
2302	{2302 -12.6123 []}
2307	{2307 -12.9676 []}
2312	{2312 -11.8402 [148, 174, 251, 264, 367, 368, 390, 422, 718, 1317]}
2317	{2317 -14.3413 []}
2322	{2322 -11.3987 [376, 2303, 2528, 4014, 4015, 4016, 4017, 4018, 4019, 4020]}
2327	{2327 -10.2875 []}
2332	{2332 -11.8301 [714, 859, 2515, 2646, 2729, 2965, 4031, 4032, 4033]}
2337	{2337 -11.3723 [450, 452, 532, 1239, 1741, 2381, 2923, 3102, 3728]}
2342	{2342 -17.2018 []}
2347	{2347 -12.8452 [38, 540, 554, 584, 1424, 1940, 2086, 2653, 4034]}
2352	{2352 -15.8306 [63, 738, 1556, 1949, 2279, 2699, 3204, 3863, 4039, 4040]}
2357	{2357 -17.4978 []}
2362	{2362 -5.7193 [327, 684, 1954, 2360, 2666, 4045, 4046, 4047, 4048, 4049]}
2367	{2367 -15.9579 []}
2372	{2372 -15.9579 []}
2377	{2377 -9.6791 [227, 432, 500, 561, 2392, 2646, 2798, 3172, 4063, 4064]}
2382	{2382 -11.6364 []}
2387	{2387 -11.5973 []}
2392	{2392 -10.6842 [21, 503, 804, 808, 1339, 1547, 2839, 3346, 4080, 4081]}
2397	{2397 -10.8248 []}
2402	{2402 -10.9552 []}
2407	{2407 -9.9928 [96, 122, 123, 143, 249, 368, 856, 2001, 2196, 2563]}
2412	{2412 -7.9157 []}
2417	{2417 -25.7168 []}
2422	{2422 -13.9989 []}
2427	{2427 -12.2971 []}
2432	{2432 -15.2385 []}
2437	{2437 -16.8670 []}
2442	{2442 -12.5145 []}
2447	{2447 -18.1369 []}
2452	{2452 -16.6867 [77, 1027, 1321, 1925, 2373, 3156, 3849, 4106, 4107, 4108]}
2457	{2457 -18.3456 []}
2462	{2462 -13.1840 []}
2467	{2467 -15.3667 []}
2472	{2472 -11.8129 []}
2477	{2477 -13.4638 []}
2482	{2482 -19.1533 []}
2487	{2487 -19.1269 []}
2492	{2492 -13.5324 [64, 813, 852, 1608, 1868, 3196, 3421, 3617, 4040]}
2497	{2497 -13.0347 []}
2502	{2502 -12.8009 []}
2507	{2507 -14.9383 []}
2512	{2512 -29.0281 []}
2517	{2517 -10.2434 []}
2522	{2522 -12.9760 []}
2527	{2527 -16.3100 []}
2532	{2532 -11.7530 [665, 774, 924, 1709, 1859, 2767, 3136, 3682, 3698, 4160]}
2537	{2537 -14.1593 []}
2542	{2542 -19.9637 []}
2547	{2547 -8.8960 []}
2552	{2552 -8.0964 []}
2557	{2557 -16.3989 []}
2562	{2562 -12.2232 [529, 541, 1787, 1892, 3280, 3489, 3779, 4182, 4183, 4184]}
2567	{2567 -20.5398 []}
2572	{2572 -12.4704 []}
2577	{2577 -12.9811 [330, 388, 553, 962, 1306, 2010, 3179, 4177, 4178, 4179]}
2582	{2582 -9.7202 []}
2587	{2587 -15.6189 []}
2592	{2592 -12.7665 []}
2597	{2597 -7.8970 [21, 352, 476, 505, 621, 1347, 2964, 3607, 3687, 3871]}
2602	{2602 -10.3684 []}
2607	{2607 -13.5552 [357, 1092, 1866, 2279, 4150, 4205, 4206, 4207, 4208, 4209]}
2612	{2612 -12.8570 [726, 1571, 1789, 2274, 2630, 3423, 3570, 3951, 4210, 4211]}
2617	{2617 -9.9923 [215, 1313, 1803, 2443, 2643, 2654, 3558, 4037]}
2622	{2622 -21.5891 [889, 892, 1824, 2193, 2194, 3076, 3244, 3999, 4225, 4226]}
2627	{2627 -18.0256 [9, 144, 146, 148, 149, 175, 264, 390, 1245]}
2632	{2632 -10.6485 []}
2637	{2637 -11.6163 []}
2642	{2642 -14.6937 [813, 4315]}
2647	{2647 -16.6004 []}
2652	{2652 -8.3222 []}
2657	{2657 -10.7892 [1245, 2687, 2866, 3488, 3680, 3886, 4074, 4240, 4241, 4242]}
2662	{2662 -12.8888 [4250]}
2667	{2667 -14.2717 []}
2672	{2672 -15.3134 []}
2677	{2677 -14.6637 []}
2682	{2682 -18.4915 [4173]}
2687	{2687 -10.5625 []}
2692	{2692 -15.9056 []}
2697	{2697 -13.6058 []}
2702	{2702 -14.7497 [351, 2419, 2566, 3007, 3797, 3953, 4266, 4267, 4268, 4269]}
2707	{2707 -8.0863 []}
2712	{2712 -8.0955 [8, 17, 31, 126, 144, 145, 149, 174, 559, 717]}
2717	{2717 -16.3491 []}
2722	{2722 -9.9422 []}
2727	{2727 -17.6964 []}
2732	{2732 -13.8172 [227, 717, 1735, 1749, 1862, 2497, 3009, 4293, 4294, 4295]}
2737	{2737 -8.1773 []}
2742	{2742 -16.9836 []}
2747	{2747 -12.3906 []}
2752	{2752 -11.4290 []}
2757	{2757 -10.9561 [1829, 3882, 4405, 4406]}
2762	{2762 -14.1931 []}
2767	{2767 -14.0822 [8, 9, 127, 128, 238, 248, 352, 427, 1317, 4303]}
2772	{2772 -13.6834 []}
2777	{2777 -17.9659 [1103, 3292, 5452, 6039, 6279]}
2782	{2782 -17.5917 []}
2787	{2787 -8.0127 []}
2792	{2792 -12.5475 []}
2797	{2797 -14.9867 [5, 17, 125, 126, 143, 149, 175, 754, 856]}
2802	{2802 -15.0141 []}
2807	{2807 -19.1690 [143, 249, 264, 390, 423, 559, 1842, 4312, 4313, 4314]}
2812	{2812 -11.6156 []}
2817	{2817 -11.6156 []}
2822	{2822 -13.1616 [3, 4, 7, 144, 183, 264, 265, 266, 423, 667]}
2827	{2827 -Infinity []}
2832	{2832 -Infinity []}
2837	{2837 -12.7340 []}
2842	{2842 -13.8285 []}
2847	{2847 -13.4475 [244, 498, 510, 527, 747, 1817, 2535, 3912, 4335, 4336]}
2852	{2852 -10.5216 [159, 288, 422, 554, 576, 837, 1199, 1429, 1583, 1591 ... (18 more) ]}
2857	{2857 -17.5903 []}
2862	{2862 -13.8928 [455, 633, 1931, 2407, 3594, 4280, 4337, 4338, 4339, 4340]}
2867	{2867 -8.1017 []}
2872	{2872 -15.1829 []}
2877	{2877 -20.5474 []}
2882	{2882 -20.5474 []}
2887	{2887 -16.5118 [177, 411, 586, 706, 1588, 3363, 4369, 4370, 4371]}
2892	{2892 -12.6064 [763, 2052, 2628, 2773, 4219, 4372, 4373, 4374, 4375, 4376]}
2897	{2897 -15.3062 [262, 396, 1397, 4307, 4366, 4377, 4378, 4379, 4380]}
2902	{2902 -14.9383 []}
2907	{2907 -13.8956 [112, 117, 841, 2154, 3526, 4082, 4389, 4390, 4391, 4392]}
2912	{2912 -18.4377 []}
2917	{2917 -19.9217 []}
2922	{2922 -16.8624 [178, 252, 264, 367, 390, 422, 423, 559, 754, 2001]}
2927	{2927 -15.3289 [868, 963, 1749, 2298, 3717, 4265, 5777, 5778, 5779, 5780]}
2932	{2932 -12.9943 []}
2937	{2937 -15.0505 []}
2942	{2942 -12.8866 [21, 132, 924, 1335, 1417, 1842, 1890, 4415, 4416, 4417]}
2947	{2947 -16.3310 []}
2952	{2952 -10.6207 [1374, 1507, 2035, 2916, 2953, 3017, 3134, 3629, 4422, 4423]}
2957	{2957 -12.8878 []}
2962	{2962 -17.5138 [823, 1457, 2397, 2637, 2873, 2898, 3127, 3992, 4443]}
2967	{2967 -17.5138 []}
2972	{2972 -9.7866 []}
2977	{2977 -9.4731 []}
2982	{2982 -14.3895 []}
2987	{2987 -24.2089 []}
2992	{2992 -19.8452 [928, 1054, 2906, 2995, 3681, 4438, 4439, 4440, 4441, 4442]}
2997	{2997 -14.1015 [738, 1635, 1650, 2312, 2337, 2414, 2554, 2858, 3772, 4444]}
3002	{3002 -5.6172 []}
3007	{3007 -14.7483 []}
3012	{3012 -18.2010 []}
3017	{3017 -11.7757 []}
3022	{3022 -15.6006 []}
3027	{3027 -13.7125 [29, 38, 576, 1208, 2018, 2291, 2396, 4468, 4469, 4470]}
3032	{3032 -10.4656 [125, 128, 148, 248, 353, 424, 559, 1317, 2001]}
3037	{3037 -20.2178 [1212, 2051, 2782, 2796, 3740, 4434, 4477, 4478, 4479, 4480]}
3042	{3042 -17.2051 [3, 124, 175, 249, 250, 266, 367, 558, 697, 754]}
3047	{3047 -16.0147 []}
3052	{3052 -13.0025 []}
3057	{3057 -14.5236 []}
3062	{3062 -14.2928 []}
3067	{3067 -14.9860 [318, 908, 1267, 1412, 2162, 3487, 3767, 4489, 4490, 4491]}
3072	{3072 -Infinity []}
3077	{3077 -14.2939 [3, 127, 147, 264, 352, 368, 390, 423, 427, 1245]}
3082	{3082 -14.0633 []}
3087	{3087 -17.6315 [38, 2571, 2948, 4134, 4420, 4510, 4511, 4512, 4513, 4514]}
3092	{3092 -17.3809 [1424, 1524, 2257, 3053, 3096, 3105, 3269, 3716, 4130, 4532]}
3097	{3097 -14.2651 []}
3102	{3102 -13.7219 [815, 1066, 2067, 2234, 3916, 4017, 4257, 4478, 4535, 4536]}
3107	{3107 -15.4299 []}
3112	{3112 -14.0465 []}
3117	{3117 -14.0832 [308, 860, 1376, 1457, 1767, 2305, 2419, 2712, 2898, 4545]}
3122	{3122 -13.3296 []}
3127	{3127 -13.3314 [2157, 2422, 3185, 4573, 4640, 4641]}
3132	{3132 -12.6982 []}
3137	{3137 -11.6138 [102, 264, 753, 755, 1212, 3146, 3849, 4455, 4546, 4547]}
3142	{3142 -15.7631 [124, 129, 177, 248, 249, 266, 667, 717, 856, 1245]}
3147	{3147 -10.2038 [240, 534, 4270, 4653]}
3152	{3152 -16.2037 [769, 1078, 1409, 2374, 4116, 4316, 4442, 4553, 4554, 4555]}
3157	{3157 -17.8678 []}
3162	{3162 -11.4125 []}
3167	{3167 -5.7195 []}
3172	{3172 -10.4363 []}
3177	{3177 -14.6893 []}
3182	{3182 -Infinity []}
3187	{3187 -10.1821 []}
3192	{3192 -9.9438 [2, 8, 248, 390, 554, 697, 946, 1317, 2001, 2077]}
3197	{3197 -17.4931 [585, 1036, 1730, 1797, 2556, 2997, 3619, 3808, 4582, 4583]}
3202	{3202 -15.4573 [267, 1466, 2869, 3488, 3708, 3796, 3818, 4165, 4322, 4590]}
3207	{3207 -14.2739 [54, 219, 318, 554, 883, 1935, 3209, 3995, 4591]}
3212	{3212 -9.6459 []}
3217	{3217 -16.4852 []}
3222	{3222 -17.9561 [296, 413, 1903, 1939, 4603, 4604, 4605, 4606, 4607, 4608]}
3227	{3227 -14.6032 []}
3232	{3232 -10.4285 [56, 811, 2489, 2524, 3460, 3994, 4010, 4617, 4618, 4619]}
3237	{3237 -14.4746 []}
3242	{3242 -14.1473 []}
3247	{3247 -13.7601 [321, 452, 453, 531, 736, 1947, 2035, 2689, 3095, 4625]}
3252	{3252 -14.9839 []}
3257	{3257 -12.6177 [235, 364, 422, 962, 1565, 2699, 2965, 3605, 4380]}
3262	{3262 -17.0973 []}
3267	{3267 -18.2527 []}
3272	{3272 -16.6760 []}
3277	{3277 -21.2896 []}
3282	{3282 -8.8246 []}
3287	{3287 -15.3718 []}
3292	{3292 -13.8825 []}
3297	{3297 -12.7144 [921]}
3302	{3302 -21.0687 []}
3307	{3307 -10.5495 []}
3312	{3312 -11.7423 [29, 513, 532, 1784, 2143, 2695, 2955, 3997, 4669, 4670]}
3317	{3317 -14.2966 [4678]}
3322	{3322 -14.2919 []}
3327	{3327 -13.8710 [124, 151, 368, 424, 1317, 1903, 2086, 3243, 3994, 4368]}
3332	{3332 -16.2372 []}
3337	{3337 -9.5483 [32, 1018, 1061, 1675, 2723, 3617, 4286, 4679, 4680, 4681]}
3342	{3342 -14.2027 []}
3347	{3347 -15.1686 []}
3352	{3352 -9.5055 []}
3357	{3357 -12.4248 []}
3362	{3362 -13.4849 []}
3367	{3367 -10.3430 []}
3372	{3372 -16.5916 []}
3377	{3377 -13.1464 []}
3382	{3382 -13.8518 [1547, 2331, 2348, 3194, 3617, 4665, 4719, 4720, 4721]}
3387	{3387 -15.2667 []}
3392	{3392 -15.5558 []}
3397	{3397 -14.1713 [4304]}
3402	{3402 -13.6784 []}
3407	{3407 -12.0783 [1246, 1503, 1650, 1845, 2343, 3303, 4206, 4264, 4741, 4742]}
3412	{3412 -15.0841 [112, 1636, 2430, 3760, 4002, 4402, 4746, 4747, 4748, 4749]}
3417	{3417 -8.0941 [122, 129, 143, 177, 246, 251, 367, 390, 666]}
3422	{3422 -15.8415 []}
3427	{3427 -15.9053 []}
3432	{3432 -15.9053 []}
3437	{3437 -15.9053 []}
3442	{3442 -15.6124 []}
3447	{3447 -18.3724 []}
3452	{3452 -15.6337 [9, 17, 143, 144, 147, 149, 179, 424, 559, 2018]}
3457	{3457 -12.7250 []}
3462	{3462 -10.4462 [2115, 2568, 4393, 4395, 4761, 4762, 4763, 4764, 4765, 4766]}
3467	{3467 -12.8416 []}
3472	{3472 -Infinity []}
3477	{3477 -15.7068 []}
3482	{3482 -15.7069 []}
3487	{3487 -13.8440 []}
3492	{3492 -18.2614 []}
3497	{3497 -12.9234 []}
3502	{3502 -19.9127 []}
3507	{3507 -16.2380 [738, 1251, 1458, 1509, 2077, 2825, 3249, 4679, 4789, 4790]}
3512	{3512 -16.7437 []}
3517	{3517 -17.8006 []}
3522	{3522 -26.6232 [179, 1089, 1604, 4096, 4360, 4362, 4487, 4516, 4793]}
3527	{3527 -17.5043 []}
3532	{3532 -16.9904 []}
3537	{3537 -14.5218 [123, 126, 145, 149, 177, 352, 353, 424, 558, 754]}
3542	{3542 -15.7704 [470, 2304, 4625, 4788, 4793, 4811, 4812, 4813, 4814]}
3547	{3547 -14.7477 [711]}
3552	{3552 -16.7483 [2, 123, 147, 177, 250, 251, 351, 946, 983, 2077]}
3557	{3557 -12.8165 [23, 113, 1123, 1227, 1501, 2214, 2276, 4371, 4816, 4817]}
3562	{3562 -13.9598 []}
3567	{3567 -21.5030 []}
3572	{3572 -15.2224 []}
3577	{3577 -12.2709 [3, 9, 123, 124, 149, 247, 249, 352, 369, 427]}
3582	{3582 -12.2717 []}
3587	{3587 -11.2719 [94, 352, 2628, 3109, 3469, 4141, 4170, 4455, 4784, 4844]}
3592	{3592 -Infinity []}
3597	{3597 -14.9571 []}
3602	{3602 -14.9349 []}
3607	{3607 -10.3590 [852, 1457, 2752, 2820, 4866]}
3612	{3612 -12.8781 [4855]}
3617	{3617 -8.0132 []}
3622	{3622 -17.0397 []}
3627	{3627 -19.0888 [3022, 3699, 4867, 4868, 4869]}
3632	{3632 -17.2952 []}
3637	{3637 -10.3816 []}
3642	{3642 -14.1927 []}
3647	{3647 -14.1927 []}
3652	{3652 -14.1927 []}
3657	{3657 -14.1927 []}
3662	{3662 -14.1927 []}
3667	{3667 -14.1927 []}
3672	{3672 -11.4718 []}
3677	{3677 -11.5314 []}
3682	{3682 -13.6615 []}
3687	{3687 -10.2607 []}
3692	{3692 -12.9943 []}
3697	{3697 -15.7540 []}
3702	{3702 -7.9981 []}
3707	{3707 -17.5543 []}
3712	{3712 -15.2617 []}
3717	{3717 -13.0842 []}
3722	{3722 -14.2601 []}
3727	{3727 -13.0879 []}
3732	{3732 -13.1020 [1454, 1509, 1568, 1946, 2276, 5688, 5796, 5823, 6138]}
3737	{3737 -14.5813 [660]}
3742	{3742 -16.1641 [979, 1730, 2204, 2215, 2556, 3020, 3523, 4285, 4408, 4411]}
3747	{3747 -16.0858 [496, 621, 678, 2875, 2973, 3993, 4641, 4877, 4917]}
3752	{3752 -12.6270 []}
3757	{3757 -16.4939 [123, 127, 147, 249, 251, 368, 423, 718, 1245]}
3762	{3762 -18.0382 []}
3767	{3767 -14.5172 [863, 864, 1239, 1339, 1711, 2254, 3299, 4846, 4920, 4921]}
3772	{3772 -9.4124 [2414]}
3777	{3777 -14.0516 []}
3782	{3782 -13.8796 []}
3787	{3787 -14.4687 []}
3792	{3792 -13.1466 []}
3797	{3797 -14.2429 [788, 1954, 2127, 3017, 3600, 5089, 5891, 5892, 5893, 5894]}
3802	{3802 -18.6379 [478]}
3807	{3807 -15.8599 []}
3812	{3812 -10.5233 []}
3817	{3817 -14.0677 [909]}
3822	{3822 -12.4799 [78, 886, 1423, 2642, 2982, 3779, 4623, 4746, 4939]}
3827	{3827 -13.2201 []}
3832	{3832 -16.4191 []}
3837	{3837 -11.7494 []}
3842	{3842 -13.8430 []}
3847	{3847 -14.8756 []}
3852	{3852 -12.4705 []}
3857	{3857 -17.7610 []}
3862	{3862 -13.3195 []}
3867	{3867 -18.3134 [1297, 1866, 1867, 2356, 2376, 3329, 3615, 4828, 4971, 4972]}
3872	{3872 -17.3982 []}
3877	{3877 -19.2469 [478]}
3882	{3882 -12.1784 []}
3887	{3887 -15.3311 [690, 744, 1300, 1730, 3053, 4373, 4984, 4985, 4986, 4987]}
3892	{3892 -14.4841 []}
3897	{3897 -13.9947 [1223, 3695, 3981, 4059, 4371]}
3902	{3902 -23.2948 []}
3907	{3907 -12.9052 []}
3912	{3912 -15.6089 [889, 1367, 3266, 3856, 4735, 4894, 4991, 4992, 4993, 4994]}
3917	{3917 -15.9647 []}
3922	{3922 -16.7108 [21, 3144, 3963, 4022]}
3927	{3927 -12.7713 []}
3932	{3932 -8.1044 []}
3937	{3937 -8.1044 [4, 125, 143, 144, 146, 147, 175, 179, 180, 558]}
3942	{3942 -15.6909 []}
3947	{3947 -15.0348 []}
3952	{3952 -16.0505 [4706]}
3957	{3957 -16.0505 []}
3962	{3962 -11.7686 [1122, 1557, 1992, 2380, 2383, 3350, 3981, 4434, 4693, 5018]}
3967	{3967 -12.0985 [1123, 1195, 1288, 1833, 2035, 2529, 2755, 4330, 5019, 5020]}
3972	{3972 -11.2793 []}
3977	{3977 -11.2551 []}
3982	{3982 -13.7116 [108, 503, 534, 1511, 1805, 2090, 3461, 4658, 5022]}
3987	{3987 -17.3093 []}
3992	{3992 -10.5465 []}
3997	{3997 -12.7032 [28, 714, 1861, 2425, 3343, 3386, 3471, 3702, 4189, 4854]}
4002	{4002 -11.6109 [3, 121, 123, 124, 128, 247, 367, 717, 1246, 2098]}
4007	{4007 -14.2462 []}
4012	{4012 -15.4461 [1010, 1300, 1571, 2230, 2377, 2887, 3185, 3781, 4655, 4847]}
4017	{4017 -10.3544 []}
4022	{4022 -13.4182 []}
4027	{4027 -18.2943 []}
4032	{4032 -14.0726 [144, 147, 149, 177, 266, 353, 424, 558, 856, 2338]}
4037	{4037 -12.1229 []}
4042	{4042 -16.7879 []}
4047	{4047 -8.1844 []}
4052	{4052 -16.6196 []}
4057	{4057 -14.0700 [459, 1034, 1054, 1374, 2833, 5066, 5067, 5068, 5069]}
4062	{4062 -13.9114 [1787, 2901, 3058, 3334, 3672, 4871, 4880, 5058, 5059]}
4067	{4067 -13.7735 []}
4072	{4072 -15.3013 [4854]}
4077	{4077 -15.3858 []}
4082	{4082 -12.9661 []}
4087	{4087 -12.5952 []}
4092	{4092 -16.2686 []}
4097	{4097 -14.8901 []}
4102	{4102 -18.1673 [50, 2557]}
4107	{4107 -14.2246 [652, 816, 1097, 3714, 3904, 4012, 4122, 5078, 5079, 5080]}
4112	{4112 -17.0188 [7, 8, 145, 148, 174, 266, 424, 856, 2338]}
4117	{4117 -15.3445 [5086]}
4122	{4122 -15.3204 [77, 1030, 1721, 1947, 1982, 2377, 2448, 2523, 3153, 3171]}
4127	{4127 -16.0419 []}
4132	{4132 -13.9722 []}
4137	{4137 -16.2271 [264, 385, 1227, 1281, 1310, 3266, 4077, 4345, 4362, 4739]}
4142	{4142 -22.4286 []}
4147	{4147 -14.2318 []}
4152	{4152 -12.3939 [468, 1655, 2011, 2645, 3016, 4197, 4275, 4438, 4472, 5092]}
4157	{4157 -20.4180 [5096]}
4162	{4162 -15.7254 []}
4167	{4167 -16.0280 [1026, 1898, 2784, 2826, 2886, 3001, 3220, 3858, 4102, 5104]}
4172	{4172 -8.6554 []}
4177	{4177 -15.4385 []}
4182	{4182 -14.6882 []}
4187	{4187 -17.7314 [31, 144, 145, 146, 149, 180, 266, 423, 856, 1317]}
4192	{4192 -12.1925 []}
4197	{4197 -13.3794 [5, 31, 126, 143, 180, 250, 368, 697, 856, 1245]}
4202	{4202 -11.9082 []}
4207	{4207 -15.6511 [97, 706, 1685, 1903, 4231]}
4212	{4212 -13.2555 []}
4217	{4217 -13.2555 [5, 265, 823, 1947, 4711, 4712, 4861, 5143, 5144, 5145]}
4222	{4222 -12.2272 [156, 582, 726, 892, 894, 904, 1203, 1559, 1670, 2536]}
4227	{4227 -16.9926 [123, 127, 176, 238, 367, 422, 427, 667, 717, 2338]}
4232	{4232 -14.2234 [962, 2338, 2361, 2885, 5053]}
4237	{4237 -12.0666 []}
4242	{4242 -13.2233 [407, 651, 1194, 1369, 1575, 3250, 3491, 4072, 4603, 5161]}
4247	{4247 -15.2107 []}
4252	{4252 -20.8011 [115, 760, 1672, 1838, 1955, 2690, 4301, 4961, 4976]}
4257	{4257 -15.1979 [9, 123, 126, 145, 148, 149, 248, 369, 1245, 1317]}
4262	{4262 -16.1750 []}
4267	{4267 -17.2149 []}
4272	{4272 -10.3377 []}
4277	{4277 -14.0573 [227, 1698, 1787, 2115, 3058, 4026, 4275, 5179, 5180]}
4282	{4282 -15.5932 [125, 824, 1088, 2220, 3138, 3468, 4339, 4414, 4502, 5182]}
4287	{4287 -10.5508 []}
4292	{4292 -10.6417 [103, 1061, 1425, 1827, 1923, 2480, 3021, 3055, 4075, 5192]}
4297	{4297 -16.5200 [4, 9, 125, 143, 145, 148, 264, 368, 1317]}
4302	{4302 -13.7847 []}
4307	{4307 -14.4125 []}
4312	{4312 -21.6339 [280, 492, 704, 1084, 1862, 2847, 3717, 5206, 5207, 5208]}
4317	{4317 -12.9660 [1511]}
4322	{4322 -15.6649 []}
4327	{4327 -15.4138 []}
4332	{4332 -14.7989 [435, 1219, 2006, 2042, 2197, 2776, 3329, 5217, 5218, 5219]}
4337	{4337 -14.9935 [165, 1787, 2539, 4895, 5222]}
4342	{4342 -14.8195 []}
4347	{4347 -14.0163 []}
4352	{4352 -13.7848 []}
4357	{4357 -14.9247 []}
4362	{4362 -16.2337 [437, 906, 2779, 3687, 3886, 4286, 5242, 5243, 5244, 5245]}
4367	{4367 -22.2629 []}
4372	{4372 -15.0715 []}
4377	{4377 -17.5271 []}
4382	{4382 -16.7765 [4, 124, 146, 247, 249, 367, 427, 559, 718, 754]}
4387	{4387 -16.5087 []}
4392	{4392 -16.3607 []}
4397	{4397 -15.8519 []}
4402	{4402 -12.4376 [190, 3895, 5220, 5345]}
4407	{4407 -17.2789 [169, 1342, 2001, 2046, 3362, 5265, 5266, 5267, 5268]}
4412	{4412 -12.2002 []}
4417	{4417 -15.3516 [95, 1197, 1619, 2079, 2114, 3253, 3598, 4303, 4950, 5175]}
4422	{4422 -13.0623 []}
4427	{4427 -12.1863 []}
4432	{4432 -17.7452 [92, 892, 1217, 1404, 1989, 4004, 4031, 4058, 5277, 5278]}
4437	{4437 -12.1059 []}
4442	{4442 -18.6429 [522, 837, 1034, 2670, 3110, 3141, 3448, 3737, 5291]}
4447	{4447 -17.4240 [416, 1287, 2621, 2886, 4260, 4462, 4921, 5288, 5289, 5290]}
4452	{4452 -16.5169 [228, 554, 789, 1957, 2153, 2612, 3083, 3539, 3919, 5297]}
4457	{4457 -18.5051 []}
4462	{4462 -19.4194 []}
4467	{4467 -18.3348 [2345, 3097, 3260, 3314, 5037]}
4472	{4472 -13.9982 [5, 123, 125, 144, 177, 247, 248, 249, 717, 1317]}
4477	{4477 -12.0881 []}
4482	{4482 -16.5291 [3, 8, 127, 143, 176, 177, 248, 352, 353, 367]}
4487	{4487 -13.7270 [842, 1103, 1141, 1481, 2201, 2453, 3207, 3327, 3714, 4111]}
4492	{4492 -15.9003 [573, 1138, 1177, 1212, 1940, 3343, 3860, 4254, 5321, 5322]}
4497	{4497 -16.7649 []}
4502	{4502 -13.9497 [125, 174, 424, 503, 1142, 1516, 2537, 4170, 5331, 5332]}
4507	{4507 -12.9536 []}
4512	{4512 -14.1195 []}
4517	{4517 -14.1220 []}
4522	{4522 -19.0892 []}
4527	{4527 -19.0892 []}
4532	{4532 -17.0951 [4, 127, 143, 248, 266, 390, 422, 423, 667]}
4537	{4537 -17.3871 []}
4542	{4542 -15.9770 []}
4547	{4547 -14.0789 []}
4552	{4552 -20.2964 [3813]}
4557	{4557 -18.0766 [41, 804, 2247, 2536, 3996, 4459, 5162, 5300, 5346, 5347]}
4562	{4562 -18.0766 []}
4567	{4567 -8.0720 [149, 261, 649, 1042, 1060, 1867, 1922, 5350, 5351, 5352]}
4572	{4572 -16.3780 [5376]}
4577	{4577 -11.2913 [8, 282, 822, 1143, 1780, 2016, 3081, 5128, 5365]}
4582	{4582 -19.9583 []}
4587	{4587 -10.0856 [462, 1359, 1457, 1688, 2875, 3038, 3858, 4880, 5367, 5368]}
4592	{4592 -16.9351 [5380]}
4597	{4597 -19.0204 []}
4602	{4602 -15.0553 []}
4607	{4607 -16.7714 []}
4612	{4612 -17.2017 []}
4617	{4617 -12.7564 [3716, 3949, 4783, 5175, 5211, 5386, 5387, 5388, 5389, 5390]}
4622	{4622 -10.5623 []}
4627	{4627 -24.1591 []}
4632	{4632 -19.6907 []}
4637	{4637 -19.1600 []}
4642	{4642 -19.3075 []}
4647	{4647 -17.2015 []}
4652	{4652 -13.4197 []}
4657	{4657 -13.8148 []}
4662	{4662 -16.1237 [828, 1195, 2698, 2773, 2891, 3595, 4770, 4848, 5392, 5411]}
4667	{4667 -14.8376 [458, 1482, 1524, 1599, 2887, 3046, 3675, 5101, 5373]}
4672	{4672 -17.5104 []}
4677	{4677 -16.9566 []}
4682	{4682 -15.9186 []}
4687	{4687 -16.2349 []}
4692	{4692 -16.1234 [532, 2916, 4371, 4402, 5425]}
4697	{4697 -16.9105 []}
4702	{4702 -16.7514 []}
4707	{4707 -15.7659 []}
4712	{4712 -14.6227 []}
4717	{4717 -18.7202 []}
4722	{4722 -16.2115 []}
4727	{4727 -13.7542 []}
4732	{4732 -17.9669 [132, 433, 459, 2060, 2097, 2332, 2408, 3312, 3635, 4667]}
4737	{4737 -14.6404 []}
4742	{4742 -14.5433 []}
4747	{4747 -17.5492 []}
4752	{4752 -13.2043 [2, 5, 8, 174, 699, 753, 762, 946, 2063, 4257]}
4757	{4757 -15.6340 []}
4762	{4762 -12.9113 [3497]}
4767	{4767 -15.0751 []}
4772	{4772 -14.8178 []}
4777	{4777 -15.2170 []}
4782	{4782 -21.5992 [1947, 2524, 2787, 3140, 3283, 3288, 3766, 5487, 5488, 5489]}
4787	{4787 -22.3777 []}
4792	{4792 -23.3844 [769, 874, 1227, 1894, 2538, 2670, 4199, 4338, 4578, 5327]}
4797	{4797 -17.3747 []}
4802	{4802 -12.9043 []}
4807	{4807 -16.9888 []}
4812	{4812 -13.5621 []}
4817	{4817 -15.2816 []}
4822	{4822 -23.9680 [1054, 1561, 1619, 2310, 2652, 2713, 2981, 4598, 5511, 5512]}
4827	{4827 -14.5926 []}
4832	{4832 -19.3962 []}
4837	{4837 -15.3535 [5525]}
4842	{4842 -19.1519 [249]}
4847	{4847 -15.5530 [350, 1040, 1054, 1512, 2752, 3417, 4080, 4251, 4551, 5526]}
4852	{4852 -14.9716 [554, 763, 1400, 1881, 4447, 4645, 5110, 5527, 5528, 5529]}
4857	{4857 -16.6712 [114, 387, 473, 531, 588, 1821, 3511, 4215, 5530]}
4862	{4862 -13.4358 []}
4867	{4867 -15.4221 [493, 600, 725, 1034, 2347, 3968, 5283, 5543, 5544]}
4872	{4872 -15.0597 []}
4877	{4877 -14.5588 []}
4882	{4882 -16.2906 []}
4887	{4887 -15.4594 []}
4892	{4892 -17.2336 [212, 458, 2272, 3054, 3931, 4074, 4563, 5554, 5555]}
4897	{4897 -11.6192 []}
4902	{4902 -17.5608 [996, 2868, 3188, 3580, 3804, 4563, 4903, 5556, 5557, 5558]}
4907	{4907 -15.8564 []}
4912	{4912 -15.2085 []}
4917	{4917 -14.0538 []}
4922	{4922 -22.1300 []}
4927	{4927 -11.8829 []}
4932	{4932 -18.3924 [1943, 2276, 2723, 3786, 4623, 5572, 5573, 5574, 5575, 5576]}
4937	{4937 -16.5023 [1412, 2162, 2500, 4012, 4589, 4811, 4825, 4889, 5349, 5578]}
4942	{4942 -17.3589 []}
4947	{4947 -18.8842 []}
4952	{4952 -14.6026 []}
4957	{4957 -14.0402 []}
4962	{4962 -17.6245 []}
4967	{4967 -12.9289 [1303, 1989, 2769, 3245, 4330, 4337, 5074, 5507, 5587]}
4972	{4972 -20.7787 []}
4977	{4977 -15.5975 []}
4982	{4982 -15.7166 []}
4987	{4987 -17.7888 []}
4992	{4992 -17.5349 []}
4997	{4997 -19.6394 []}
5002	{5002 -14.4978 []}
5007	{5007 -17.3981 [1880, 2841, 3460, 4111, 4619, 5594, 5595, 5596, 5597, 5598]}
5012	{5012 -16.3601 [266, 440, 826, 852, 2394, 2552, 3334, 3456, 4281]}
5017	{5017 -8.1527 []}
5022	{5022 -15.9857 []}
5027	{5027 -19.4689 []}
5032	{5032 -15.3002 []}
5037	{5037 -19.2356 [2765, 5611]}
5042	{5042 -23.3153 [2968]}
5047	{5047 -13.8930 []}
5052	{5052 -16.1405 [198, 356, 558, 2234, 2285, 2354, 3035, 3133, 4892, 5618]}
5057	{5057 -16.0073 []}
5062	{5062 -16.2021 []}
5067	{5067 -16.4297 [804, 940, 1710, 2844, 3407, 4364, 5434, 5631, 5632, 5633]}
5072	{5072 -20.8438 []}
5077	{5077 -19.2594 [837, 2842, 3743, 4270, 5634]}
5082	{5082 -17.5444 [348, 731, 1233, 1323, 1506, 3213, 3356, 3468, 4893, 5373]}
5087	{5087 -18.6423 []}
5092	{5092 -14.8590 []}
5097	{5097 -16.6963 []}
5102	{5102 -15.3594 [23, 1022, 1044, 1867, 3414, 3488, 4039, 5475, 5637, 5638]}
5107	{5107 -15.9487 []}
5112	{5112 -17.0735 []}
5117	{5117 -15.4891 []}
5122	{5122 -16.1029 []}
5127	{5127 -11.4390 []}
5132	{5132 -14.1896 []}
5137	{5137 -16.6994 [125, 129, 144, 147, 148, 179, 352, 1246, 1317, 2001]}
5142	{5142 -15.7145 []}
5147	{5147 -15.1572 [123, 1321, 3052, 4213, 4929, 4998, 5301, 5653, 5654, 5655]}
5152	{5152 -16.6820 [380, 666, 1540, 1751, 2577, 3174, 3658, 4578, 5199, 5581]}
5157	{5157 -14.0779 []}
5162	{5162 -14.3306 []}
5167	{5167 -23.2661 [1886, 1940, 1980, 2569, 3069, 3125, 4125, 5672, 5673, 5674]}
5172	{5172 -13.8150 []}
5177	{5177 -12.2963 [1438, 3109, 4930, 5681, 5682, 5683, 5684, 5685, 5686, 5687]}
5182	{5182 -15.1996 []}
5187	{5187 -17.3705 [302, 1184, 1946, 3023, 3414, 3988, 5065, 5184, 5689, 5690]}
5192	{5192 -10.5604 []}
5197	{5197 -15.8729 [48, 968, 1814, 2055, 2164, 3112, 5441, 5475, 5698, 5699]}
5202	{5202 -16.1501 [158, 202, 255, 532, 553, 573, 823, 883, 914, 923 ... (36 more) ]}
5207	{5207 -24.0995 [544, 816, 1504, 1764, 1765, 2069, 4846, 5499, 5708, 5709]}
5212	{5212 -15.1672 []}
5217	{5217 -17.2640 []}
5222	{5222 -16.7655 [3301]}
5227	{5227 -15.1481 [480, 1039, 1654, 3348, 5138, 5427, 5721, 5722, 5723, 5724]}
5232	{5232 -18.8746 []}
5237	{5237 -12.6751 []}
5242	{5242 -18.6987 []}
5247	{5247 -18.8472 []}
5252	{5252 -18.3145 []}
5257	{5257 -18.3145 [76, 726, 3877, 3903, 5734]}
5262	{5262 -15.4265 []}
5267	{5267 -16.8992 [3, 9, 122, 125, 126, 145, 149, 174, 247, 1317]}
5272	{5272 -15.7710 [203, 852, 1614, 1797, 2652, 2706, 5735, 5736, 5737]}
5277	{5277 -10.5369 [25, 228, 1227, 3096, 5758]}
5282	{5282 -14.6858 []}
5287	{5287 -16.7102 []}
5292	{5292 -18.9784 [1240, 3029, 4641, 5159, 5766]}
5297	{5297 -18.9820 []}
5302	{5302 -12.9969 []}
5307	{5307 -17.3860 []}
5312	{5312 -10.6420 [5278]}
5317	{5317 -25.1483 []}
5322	{5322 -18.3654 []}
5327	{5327 -25.8489 []}
5332	{5332 -16.4148 [121, 129, 352, 424, 5731]}
5337	{5337 -15.8270 []}
5342	{5342 -18.5712 []}
5347	{5347 -20.5416 [20, 54, 146, 534, 749, 1901, 2616, 3292, 4051, 5224 ... (7 more) ]}
5352	{5352 -10.5356 [149, 266, 1317, 1414, 2197, 2837, 3614, 4427, 4844, 5767]}
5357	{5357 -10.3126 [1516, 5474, 5816]}
5362	{5362 -18.8431 []}
5367	{5367 -12.5507 []}
5372	{5372 -23.0907 [2594]}
5377	{5377 -18.6539 []}
5382	{5382 -17.7998 []}
5387	{5387 -15.2214 []}
5392	{5392 -17.7448 []}
5397	{5397 -18.2715 []}
5402	{5402 -16.9229 []}
5407	{5407 -14.4298 []}
5412	{5412 -17.0801 []}
5417	{5417 -14.7379 [892, 1107, 1330, 1617, 1757, 2112, 3926, 5415, 5812, 5813]}
5422	{5422 -16.9318 []}
5427	{5427 -16.3613 []}
5432	{5432 -18.4810 [379, 418, 513, 882, 2354, 2684, 4779, 5344, 5734, 5817]}
5437	{5437 -15.2639 []}
5442	{5442 -15.6940 []}
5447	{5447 -20.0377 []}
5452	{5452 -16.8683 [8, 122, 126, 145, 149, 174, 179, 424, 427, 1317]}
5457	{5457 -17.0388 [438, 908, 991, 3767, 4486, 4487, 5554, 5829, 5830]}
5462	{5462 -17.2385 []}
5467	{5467 -15.0802 []}
5472	{5472 -17.4541 [866, 1288, 1433, 3061, 3796, 4166, 4382, 4866, 5211, 5839]}
5477	{5477 -15.9308 []}
5482	{5482 -17.1213 []}
5487	{5487 -17.8116 [5858]}
5492	{5492 -16.0380 [163, 1968, 2648, 4844, 5475, 5767, 5841, 5842, 5843, 5844]}
5497	{5497 -11.1674 [41, 143, 266, 491, 911, 2202, 3599, 4652, 5845, 5846]}
5502	{5502 -12.8465 []}
5507	{5507 -15.0873 []}
5512	{5512 -26.4327 []}
5517	{5517 -19.6323 []}
5522	{5522 -21.8611 []}
5527	{5527 -17.4367 []}
5532	{5532 -18.2200 [8, 17, 126, 129, 147, 250, 422, 424, 3937]}
5537	{5537 -Infinity [477, 1194, 1365, 2345, 2955, 5538, 5539, 5540, 5541, 5542]}
5542	{5542 -19.7487 [495, 1194, 1261, 1587, 2089, 2384, 2541, 4782, 4813, 4945]}
5547	{5547 -14.8543 []}
5552	{5552 -11.2910 [353, 785, 849, 918, 1103, 3618, 4812, 5040, 5405, 5873]}
5557	{5557 -20.0151 []}
5562	{5562 -19.7831 []}
5567	{5567 -17.5081 []}
5572	{5572 -11.5032 [56, 206, 787, 788, 4293, 4676, 5063, 5879, 5880, 5881]}
5577	{5577 -20.4990 []}
5582	{5582 -17.3288 []}
5587	{5587 -15.2886 [5300]}
5592	{5592 -16.9629 []}
5597	{5597 -19.8633 [419, 1025, 1728, 4779, 5886]}
5602	{5602 -21.9338 [1085, 1333]}
5607	{5607 -17.7358 []}
5612	{5612 -16.1280 []}
5617	{5617 -17.7354 []}
5622	{5622 -17.4475 []}
5627	{5627 -17.2289 []}
5632	{5632 -18.8852 []}
5637	{5637 -17.8245 []}
5642	{5642 -12.0149 []}
5647	{5647 -20.9505 []}
5652	{5652 -20.9505 []}
5657	{5657 -16.4417 [667, 1923, 2005, 3083, 3200, 4234, 4324, 5016, 5922]}
5662	{5662 -17.5959 []}
5667	{5667 -17.5959 []}
5672	{5672 -15.9060 []}
5677	{5677 -12.0158 [2625, 3046, 3292, 4295, 4806, 5237, 5315, 5468, 5935]}
5682	{5682 -14.7613 [364, 852, 1700, 1910, 1945, 2085, 3299, 4891, 5116, 5837]}
5687	{5687 -14.7613 []}
5692	{5692 -19.7247 []}
5697	{5697 -18.2825 []}
5702	{5702 -20.1412 []}
5707	{5707 -17.4092 [823]}
5712	{5712 -17.1130 []}
5717	{5717 -16.1373 []}
5722	{5722 -17.6132 []}
5727	{5727 -15.3418 [1531, 2241, 2804, 3334, 5844, 5947, 5948, 5949, 5950, 5951]}
5732	{5732 -20.2215 []}
5737	{5737 -18.1308 []}
5742	{5742 -22.5957 [381, 448, 1311, 1850, 2663, 3460, 3801, 4365, 5677, 5961]}
5747	{5747 -14.7670 []}
5752	{5752 -20.0089 []}
5757	{5757 -17.7334 [4570]}
5762	{5762 -21.4471 []}
5767	{5767 -12.9955 []}
5772	{5772 -16.5398 []}
5777	{5777 -17.7940 []}
5782	{5782 -19.5331 []}
5787	{5787 -17.8154 []}
5792	{5792 -17.1552 [3, 123, 126, 127, 129, 144, 179, 351, 353, 1317]}
5797	{5797 -17.2524 []}
5802	{5802 -19.4967 [4273]}
5807	{5807 -10.5594 [648, 1845, 2264, 3205, 4170, 5403, 5992, 5997, 5998, 5999]}
5812	{5812 -17.2030 []}
5817	{5817 -20.9461 []}
5822	{5822 -19.7716 []}
5827	{5827 -18.2304 [3077, 3964, 4614, 5323, 6059, 6060]}
5832	{5832 -19.0902 []}
5837	{5837 -17.0025 []}
5842	{5842 -18.5032 []}
5847	{5847 -23.6333 [518, 1240, 1691, 5511, 6026, 6027, 6028, 6029, 6030]}
5852	{5852 -19.9921 []}
5857	{5857 -19.8479 []}
5862	{5862 -17.7211 []}
5867	{5867 -19.8933 []}
5872	{5872 -16.6248 []}
5877	{5877 -18.6843 []}
5882	{5882 -18.3941 [261, 337, 442, 1530, 1952, 3732, 3989, 5086, 5261, 5546]}
5887	{5887 -15.3421 [1240, 2690, 3946, 6042, 6043, 6044, 6045, 6046, 6047, 6048]}
5892	{5892 -16.7080 [6049]}
5897	{5897 -20.2303 [758, 918, 919, 1865, 5562, 5576, 6050, 6051, 6052, 6053]}
5902	{5902 -20.6851 []}
5907	{5907 -19.0573 [796, 1380, 1892, 4131, 4268, 5442, 6063, 6064, 6065]}
5912	{5912 -25.1129 []}
5917	{5917 -18.8657 []}
5922	{5922 -18.8015 []}
5927	{5927 -15.1462 []}
5932	{5932 -15.4870 [552]}
5937	{5937 -16.9660 [817, 1652, 3083, 4075, 5614]}
5942	{5942 -9.5649 []}
5947	{5947 -17.8069 []}
5952	{5952 -15.8380 [714, 1627, 2047, 2475, 3232, 4012, 5287, 5508, 5815, 6080]}
5957	{5957 -20.4901 [86, 1246, 2008, 4353, 4368, 5504, 5715, 6084, 6085, 6086]}
5962	{5962 -20.1659 [249, 266, 367, 422, 559, 695, 736, 754, 3677]}
5967	{5967 -22.4740 []}
5972	{5972 -16.1220 []}
5977	{5977 -25.2111 [243, 424, 1893, 2448, 3171, 3344, 3756, 4213, 6007, 6093]}
5982	{5982 -17.6973 [243, 2260, 3093, 3231, 4592, 5569, 5645, 6097, 6098, 6099]}
5987	{5987 -19.6221 [529, 981, 2776, 3140, 4225, 6100, 6101, 6102, 6103, 6104]}
5992	{5992 -13.0174 []}
5997	{5997 -13.0245 []}
6002	{6002 -22.2366 []}
6007	{6007 -22.2323 []}
6012	{6012 -23.1237 [2023, 2024, 3988, 4058, 5469, 5498, 6123, 6124, 6125, 6126]}
6017	{6017 -23.1237 []}
6022	{6022 -17.4682 []}
6027	{6027 -24.7830 []}
6032	{6032 -25.9114 []}
6037	{6037 -17.8261 []}
6042	{6042 -17.8072 []}
6047	{6047 -17.8072 [5754]}
6052	{6052 -22.6957 []}
6057	{6057 -22.6957 [3218]}
6062	{6062 -8.8263 [1956, 2761, 3587, 4577, 4818, 5554, 6013, 6151, 6152, 6153]}
6067	{6067 -23.3920 [17, 123, 175, 249, 390, 423, 695, 697, 856]}
6072	{6072 -19.4311 []}
6077	{6077 -21.2741 [9, 125, 148, 174, 179, 352, 353, 424, 736, 753]}
6082	{6082 -22.9552 []}
6087	{6087 -14.7793 []}
6092	{6092 -27.6760 [4, 8, 126, 129, 144, 179, 1317, 3022, 5911]}
6097	{6097 -20.1624 []}
6102	{6102 -19.1252 [570, 1537, 1838, 1882, 4227, 5508, 6096, 6280, 6281]}
6107	{6107 -20.4280 []}
6112	{6112 -24.5966 []}
6117	{6117 -24.5966 []}
6122	{6122 -25.8580 []}
6127	{6127 -25.5892 []}
6132	{6132 -20.1487 [3, 125, 176, 249, 251, 353, 559, 754, 1317, 3371]}
6137	{6137 -20.2911 []}
6142	{6142 -19.3355 []}
6147	{6147 -25.1604 []}
6152	{6152 -11.2914 [371, 762, 1330, 1797, 2531, 3305, 3503, 3900, 4981, 6171]}
6157	{6157 -17.4717 []}
6162	{6162 -17.4717 []}
6167	{6167 -25.9371 []}
6172	{6172 -30.0300 []}
6177	{6177 -22.5459 []}
6182	{6182 -19.9331 []}
6187	{6187 -28.0542 [4170]}
6192	{6192 -27.0614 []}
6197	{6197 -24.1477 []}
6202	{6202 -24.1477 []}
6207	{6207 -24.1477 []}
6212	{6212 -24.1477 []}
6217	{6217 -24.1477 []}
6222	{6222 -24.1477 []}
6227	{6227 -24.1477 []}
6232	{6232 -10.3324 []}
6237	{6237 -21.4016 []}
6242	{6242 -12.8168 []}
6247	{6247 -27.0172 []}
6252	{6252 -16.7132 [2015, 3509, 3991, 4691, 5528, 6098, 6264, 6265, 6266, 6267]}
6257	{6257 -15.2818 []}
6262	{6262 -19.1783 [898, 3501, 3629, 3846, 3968, 4141, 4397, 5369, 5779]}
6267	{6267 -19.1783 []}
6272	{6272 -30.0255 []}
6277	{6277 -32.3913 [1798, 5040, 5791, 5911, 6290]}
6282	{6282 -21.4202 [3992, 6291]}
6287	{6287 -22.0460 []}
6292	{6292 -17.8501 []}
6297	{6297 -26.3349 []}
